x    y
-inf 0.000000000000000000e+00
3.904746870000000172e+02 1.111111111111111110e-03
4.068214259999999740e+02 2.222222222222222220e-03
4.074990920000000187e+02 3.333333333333333114e-03
4.111627399999999852e+02 4.444444444444444441e-03
4.124900569999999789e+02 5.555555555555555768e-03
4.129253229999999917e+02 6.666666666666667095e-03
4.166729710000000182e+02 7.777777777777777554e-03
4.178546430000000100e+02 8.888888888888888881e-03
4.189545469999999909e+02 1.000000000000000021e-02
4.193707329999999729e+02 1.111111111111111154e-02
4.195848300000000108e+02 1.222222222222222286e-02
4.196929430000000139e+02 1.333333333333333419e-02
4.208323950000000195e+02 1.444444444444444378e-02
4.215975999999999999e+02 1.555555555555555511e-02
4.219742489999999862e+02 1.666666666666666644e-02
4.226726560000000177e+02 1.777777777777777776e-02
4.246478430000000230e+02 1.888888888888888909e-02
4.261121800000000235e+02 2.000000000000000042e-02
4.261949599999999805e+02 2.111111111111111174e-02
4.264076620000000162e+02 2.222222222222222307e-02
4.267179039999999759e+02 2.333333333333333440e-02
4.272913679999999772e+02 2.444444444444444572e-02
4.277354619999999841e+02 2.555555555555555705e-02
4.282031259999999975e+02 2.666666666666666838e-02
4.282469130000000064e+02 2.777777777777777624e-02
4.283604240000000232e+02 2.888888888888888756e-02
4.289494950000000131e+02 2.999999999999999889e-02
4.295950700000000211e+02 3.111111111111111022e-02
4.304618760000000179e+02 3.222222222222222154e-02
4.306255889999999908e+02 3.333333333333333287e-02
4.311400629999999978e+02 3.444444444444444420e-02
4.314419940000000224e+02 3.555555555555555552e-02
4.315260430000000156e+02 3.666666666666666685e-02
4.318179600000000278e+02 3.777777777777777818e-02
4.322372679999999718e+02 3.888888888888888951e-02
4.325009529999999813e+02 4.000000000000000083e-02
4.326287669999999821e+02 4.111111111111111216e-02
4.336873879999999986e+02 4.222222222222222349e-02
4.347803279999999972e+02 4.333333333333333481e-02
4.347858289999999784e+02 4.444444444444444614e-02
4.351634109999999964e+02 4.555555555555555747e-02
4.354495009999999979e+02 4.666666666666666879e-02
4.354984400000000164e+02 4.777777777777778012e-02
4.361393560000000207e+02 4.888888888888889145e-02
4.372737910000000170e+02 5.000000000000000278e-02
4.372948979999999892e+02 5.111111111111111410e-02
4.375363960000000247e+02 5.222222222222222543e-02
4.380175730000000272e+02 5.333333333333333676e-02
4.383206890000000158e+02 5.444444444444444114e-02
4.387448430000000030e+02 5.555555555555555247e-02
4.391931670000000167e+02 5.666666666666666380e-02
4.393528729999999882e+02 5.777777777777777513e-02
4.394866599999999721e+02 5.888888888888888645e-02
4.401639099999999871e+02 5.999999999999999778e-02
4.404984230000000025e+02 6.111111111111110911e-02
4.406051689999999894e+02 6.222222222222222043e-02
4.406194859999999949e+02 6.333333333333332482e-02
4.410133920000000103e+02 6.444444444444444309e-02
4.413128350000000069e+02 6.555555555555554748e-02
4.413861630000000105e+02 6.666666666666666574e-02
4.419687049999999999e+02 6.777777777777777013e-02
4.426962540000000104e+02 6.888888888888888840e-02
4.428678560000000175e+02 6.999999999999999278e-02
4.428694100000000162e+02 7.111111111111111105e-02
4.428940119999999752e+02 7.222222222222221544e-02
4.430023990000000254e+02 7.333333333333331983e-02
4.430027579999999716e+02 7.444444444444443809e-02
4.431386759999999754e+02 7.555555555555554248e-02
4.433179400000000214e+02 7.666666666666666075e-02
4.435125879999999938e+02 7.777777777777776513e-02
4.436294179999999869e+02 7.888888888888888340e-02
4.442339230000000043e+02 7.999999999999998779e-02
4.443367039999999974e+02 8.111111111111110605e-02
4.443496660000000134e+02 8.222222222222221044e-02
4.444879720000000134e+02 8.333333333333332871e-02
4.450333769999999731e+02 8.444444444444443310e-02
4.453374249999999961e+02 8.555555555555555136e-02
4.454808479999999804e+02 8.666666666666665575e-02
4.455509650000000192e+02 8.777777777777777402e-02
4.456316289999999753e+02 8.888888888888887840e-02
4.457818020000000274e+02 8.999999999999999667e-02
4.462595109999999750e+02 9.111111111111110106e-02
4.464301619999999957e+02 9.222222222222221932e-02
4.464516090000000190e+02 9.333333333333332371e-02
4.464571829999999864e+02 9.444444444444444198e-02
4.464682399999999802e+02 9.555555555555554637e-02
4.465538199999999733e+02 9.666666666666666463e-02
4.465910139999999728e+02 9.777777777777776902e-02
4.466836940000000027e+02 9.888888888888888729e-02
4.467021030000000223e+02 9.999999999999999167e-02
4.475951039999999921e+02 1.011111111111111099e-01
4.477654580000000237e+02 1.022222222222222143e-01
4.486732099999999832e+02 1.033333333333333326e-01
4.491876700000000255e+02 1.044444444444444370e-01
4.492058969999999931e+02 1.055555555555555552e-01
4.494848890000000097e+02 1.066666666666666596e-01
4.500954960000000256e+02 1.077777777777777640e-01
4.501239590000000135e+02 1.088888888888888823e-01
4.501335789999999974e+02 1.099999999999999867e-01
4.502568059999999832e+02 1.111111111111111049e-01
4.503257039999999733e+02 1.122222222222222093e-01
4.503324079999999867e+02 1.133333333333333276e-01
4.503967069999999921e+02 1.144444444444444320e-01
4.504427739999999858e+02 1.155555555555555503e-01
4.507179970000000253e+02 1.166666666666666546e-01
4.508192829999999844e+02 1.177777777777777729e-01
4.508477340000000027e+02 1.188888888888888773e-01
4.511853530000000205e+02 1.199999999999999956e-01
4.512339190000000144e+02 1.211111111111110999e-01
4.514043490000000247e+02 1.222222222222222182e-01
4.515924739999999815e+02 1.233333333333333226e-01
4.516606850000000009e+02 1.244444444444444409e-01
4.516738550000000032e+02 1.255555555555555591e-01
4.517117920000000026e+02 1.266666666666666774e-01
4.518541290000000004e+02 1.277777777777777957e-01
4.518874470000000088e+02 1.288888888888888862e-01
4.526379200000000083e+02 1.300000000000000044e-01
4.526496450000000209e+02 1.311111111111111227e-01
4.528001409999999964e+02 1.322222222222222410e-01
4.530102669999999989e+02 1.333333333333333315e-01
4.535174059999999940e+02 1.344444444444444497e-01
4.535965140000000133e+02 1.355555555555555680e-01
4.536040459999999825e+02 1.366666666666666863e-01
4.536333890000000224e+02 1.377777777777777768e-01
4.538519539999999779e+02 1.388888888888888951e-01
4.541245040000000017e+02 1.400000000000000133e-01
4.541779819999999859e+02 1.411111111111111316e-01
4.541983030000000099e+02 1.422222222222222221e-01
4.543042009999999777e+02 1.433333333333333404e-01
4.544057680000000232e+02 1.444444444444444586e-01
4.544364719999999807e+02 1.455555555555555491e-01
4.544850940000000037e+02 1.466666666666666674e-01
4.545088809999999739e+02 1.477777777777777857e-01
4.545347199999999930e+02 1.488888888888889039e-01
4.545529599999999846e+02 1.499999999999999944e-01
4.545734739999999761e+02 1.511111111111111127e-01
4.545738939999999957e+02 1.522222222222222310e-01
4.548571360000000254e+02 1.533333333333333492e-01
4.549116809999999873e+02 1.544444444444444398e-01
4.549244969999999739e+02 1.555555555555555580e-01
4.551065970000000220e+02 1.566666666666666763e-01
4.551102880000000255e+02 1.577777777777777946e-01
4.552017940000000067e+02 1.588888888888888851e-01
4.552713919999999916e+02 1.600000000000000033e-01
4.552892870000000016e+02 1.611111111111111216e-01
4.553489700000000084e+02 1.622222222222222399e-01
4.554195639999999798e+02 1.633333333333333304e-01
4.557488870000000247e+02 1.644444444444444486e-01
4.557995779999999968e+02 1.655555555555555669e-01
4.559034219999999777e+02 1.666666666666666852e-01
4.559422170000000278e+02 1.677777777777777757e-01
4.561191919999999982e+02 1.688888888888888939e-01
4.562484880000000089e+02 1.700000000000000122e-01
4.566722090000000094e+02 1.711111111111111305e-01
4.568740230000000224e+02 1.722222222222222210e-01
4.571204290000000015e+02 1.733333333333333393e-01
4.572283580000000143e+02 1.744444444444444575e-01
4.572357000000000085e+02 1.755555555555555758e-01
4.574834650000000238e+02 1.766666666666666663e-01
4.575593969999999899e+02 1.777777777777777846e-01
4.575685119999999984e+02 1.788888888888889028e-01
4.575832300000000146e+02 1.799999999999999933e-01
4.576200529999999844e+02 1.811111111111111116e-01
4.577932660000000169e+02 1.822222222222222299e-01
4.582151309999999853e+02 1.833333333333333481e-01
4.582580290000000218e+02 1.844444444444444386e-01
4.583242579999999862e+02 1.855555555555555569e-01
4.584235649999999964e+02 1.866666666666666752e-01
4.585031319999999937e+02 1.877777777777777934e-01
4.585595349999999826e+02 1.888888888888888840e-01
4.589984360000000265e+02 1.900000000000000022e-01
4.590384609999999839e+02 1.911111111111111205e-01
4.591445630000000051e+02 1.922222222222222388e-01
4.592682179999999903e+02 1.933333333333333293e-01
4.593632549999999810e+02 1.944444444444444475e-01
4.593814580000000092e+02 1.955555555555555658e-01
4.596883869999999774e+02 1.966666666666666841e-01
4.597643190000000004e+02 1.977777777777777746e-01
4.599816329999999880e+02 1.988888888888888928e-01
4.599855000000000018e+02 2.000000000000000111e-01
4.600191929999999729e+02 2.011111111111111294e-01
4.601633669999999938e+02 2.022222222222222199e-01
4.602727170000000001e+02 2.033333333333333381e-01
4.604180309999999849e+02 2.044444444444444564e-01
4.605558330000000069e+02 2.055555555555555747e-01
4.607044819999999845e+02 2.066666666666666652e-01
4.608149950000000104e+02 2.077777777777777835e-01
4.610995550000000094e+02 2.088888888888889017e-01
4.611944300000000112e+02 2.100000000000000200e-01
4.612472210000000246e+02 2.111111111111111105e-01
4.614598389999999881e+02 2.122222222222222288e-01
4.614957350000000247e+02 2.133333333333333470e-01
4.615917630000000145e+02 2.144444444444444375e-01
4.616585590000000252e+02 2.155555555555555558e-01
4.617533799999999928e+02 2.166666666666666741e-01
4.618162859999999910e+02 2.177777777777777923e-01
4.618783220000000256e+02 2.188888888888888828e-01
4.619764509999999973e+02 2.200000000000000011e-01
4.623534599999999841e+02 2.211111111111111194e-01
4.623603289999999788e+02 2.222222222222222376e-01
4.625106010000000083e+02 2.233333333333333282e-01
4.625311399999999935e+02 2.244444444444444464e-01
4.626005759999999896e+02 2.255555555555555647e-01
4.626270719999999983e+02 2.266666666666666829e-01
4.627462070000000267e+02 2.277777777777777735e-01
4.628145959999999945e+02 2.288888888888888917e-01
4.629462020000000280e+02 2.300000000000000100e-01
4.630125530000000253e+02 2.311111111111111283e-01
4.630733999999999924e+02 2.322222222222222188e-01
4.631216210000000046e+02 2.333333333333333370e-01
4.632592769999999973e+02 2.344444444444444553e-01
4.632616520000000264e+02 2.355555555555555736e-01
4.633881620000000225e+02 2.366666666666666641e-01
4.633966270000000236e+02 2.377777777777777823e-01
4.634444320000000062e+02 2.388888888888889006e-01
4.634934250000000020e+02 2.400000000000000189e-01
4.638513619999999946e+02 2.411111111111111094e-01
4.639900680000000079e+02 2.422222222222222276e-01
4.640346620000000257e+02 2.433333333333333459e-01
4.640980769999999893e+02 2.444444444444444642e-01
4.641283779999999979e+02 2.455555555555555547e-01
4.643748239999999896e+02 2.466666666666666730e-01
4.645100219999999922e+02 2.477777777777777912e-01
4.646336230000000000e+02 2.488888888888889095e-01
4.646856649999999718e+02 2.500000000000000000e-01
4.646938759999999888e+02 2.511111111111111183e-01
4.651877549999999815e+02 2.522222222222222365e-01
4.652958199999999920e+02 2.533333333333333548e-01
4.653012499999999818e+02 2.544444444444444731e-01
4.654594789999999875e+02 2.555555555555555358e-01
4.654666690000000244e+02 2.566666666666666541e-01
4.656285579999999982e+02 2.577777777777777724e-01
4.658165190000000280e+02 2.588888888888888906e-01
4.658919030000000134e+02 2.600000000000000089e-01
4.659043379999999956e+02 2.611111111111111271e-01
4.659903120000000172e+02 2.622222222222222454e-01
4.661753729999999791e+02 2.633333333333333637e-01
4.663595910000000231e+02 2.644444444444444264e-01
4.664345260000000053e+02 2.655555555555555447e-01
4.665119690000000219e+02 2.666666666666666630e-01
4.665595799999999826e+02 2.677777777777777812e-01
4.667786639999999920e+02 2.688888888888888995e-01
4.668452849999999899e+02 2.700000000000000178e-01
4.671014940000000024e+02 2.711111111111111360e-01
4.671073630000000207e+02 2.722222222222222543e-01
4.674045540000000187e+02 2.733333333333333171e-01
4.674133679999999913e+02 2.744444444444444353e-01
4.674749009999999885e+02 2.755555555555555536e-01
4.676591310000000021e+02 2.766666666666666718e-01
4.677979980000000069e+02 2.777777777777777901e-01
4.680614590000000135e+02 2.788888888888889084e-01
4.682392459999999801e+02 2.800000000000000266e-01
4.682632199999999898e+02 2.811111111111111449e-01
4.683162149999999997e+02 2.822222222222222077e-01
4.686416360000000054e+02 2.833333333333333259e-01
4.687606230000000096e+02 2.844444444444444442e-01
4.688678780000000188e+02 2.855555555555555625e-01
4.692330029999999965e+02 2.866666666666666807e-01
4.693780350000000112e+02 2.877777777777777990e-01
4.694031759999999736e+02 2.888888888888889173e-01
4.694164880000000153e+02 2.899999999999999800e-01
4.694842320000000200e+02 2.911111111111110983e-01
4.694923790000000281e+02 2.922222222222222165e-01
4.695322570000000155e+02 2.933333333333333348e-01
4.696455310000000054e+02 2.944444444444444531e-01
4.697080510000000118e+02 2.955555555555555713e-01
4.698673810000000231e+02 2.966666666666666896e-01
4.700518539999999916e+02 2.977777777777778079e-01
4.700932399999999802e+02 2.988888888888888706e-01
4.701281149999999798e+02 2.999999999999999889e-01
4.701462450000000217e+02 3.011111111111111072e-01
4.701854609999999752e+02 3.022222222222222254e-01
4.701958979999999997e+02 3.033333333333333437e-01
4.702709100000000149e+02 3.044444444444444620e-01
4.702786939999999731e+02 3.055555555555555802e-01
4.704096450000000118e+02 3.066666666666666985e-01
4.705447100000000091e+02 3.077777777777777612e-01
4.707054939999999874e+02 3.088888888888888795e-01
4.711616779999999949e+02 3.099999999999999978e-01
4.713894220000000246e+02 3.111111111111111160e-01
4.714277720000000045e+02 3.122222222222222343e-01
4.715614350000000172e+02 3.133333333333333526e-01
4.716147359999999935e+02 3.144444444444444708e-01
4.717133769999999799e+02 3.155555555555555891e-01
4.719040219999999977e+02 3.166666666666666519e-01
4.719685150000000249e+02 3.177777777777777701e-01
4.719795980000000100e+02 3.188888888888888884e-01
4.723580529999999840e+02 3.200000000000000067e-01
4.726971009999999751e+02 3.211111111111111249e-01
4.727585169999999835e+02 3.222222222222222432e-01
4.728088930000000119e+02 3.233333333333333615e-01
4.729672479999999837e+02 3.244444444444444242e-01
4.736630880000000161e+02 3.255555555555555425e-01
4.736806149999999889e+02 3.266666666666666607e-01
4.739218950000000063e+02 3.277777777777777790e-01
4.739388519999999971e+02 3.288888888888888973e-01
4.740358749999999759e+02 3.300000000000000155e-01
4.742202139999999986e+02 3.311111111111111338e-01
4.744767600000000130e+02 3.322222222222222521e-01
4.745487100000000282e+02 3.333333333333333148e-01
4.746455819999999903e+02 3.344444444444444331e-01
4.746998280000000250e+02 3.355555555555555514e-01
4.747517819999999915e+02 3.366666666666666696e-01
4.747779029999999807e+02 3.377777777777777879e-01
4.751575569999999971e+02 3.388888888888889062e-01
4.755899509999999850e+02 3.400000000000000244e-01
4.756786450000000173e+02 3.411111111111111427e-01
4.756855289999999741e+02 3.422222222222222054e-01
4.757356770000000097e+02 3.433333333333333237e-01
4.760139249999999720e+02 3.444444444444444420e-01
4.761897710000000075e+02 3.455555555555555602e-01
4.762807740000000081e+02 3.466666666666666785e-01
4.763235119999999938e+02 3.477777777777777968e-01
4.764158090000000243e+02 3.488888888888889150e-01
4.765624399999999810e+02 3.500000000000000333e-01
4.765939740000000029e+02 3.511111111111110961e-01
4.766260480000000257e+02 3.522222222222222143e-01
4.766645149999999944e+02 3.533333333333333326e-01
4.767145090000000209e+02 3.544444444444444509e-01
4.769089819999999804e+02 3.555555555555555691e-01
4.770914930000000140e+02 3.566666666666666874e-01
4.771856779999999958e+02 3.577777777777778057e-01
4.772006059999999934e+02 3.588888888888888684e-01
4.772621849999999881e+02 3.599999999999999867e-01
4.772777800000000070e+02 3.611111111111111049e-01
4.773407030000000191e+02 3.622222222222222232e-01
4.773873820000000023e+02 3.633333333333333415e-01
4.773895449999999983e+02 3.644444444444444597e-01
4.774909989999999880e+02 3.655555555555555780e-01
4.775145929999999908e+02 3.666666666666666963e-01
4.775295120000000111e+02 3.677777777777777590e-01
4.775355930000000058e+02 3.688888888888888773e-01
4.775511070000000018e+02 3.699999999999999956e-01
4.777227839999999901e+02 3.711111111111111138e-01
4.777315280000000257e+02 3.722222222222222321e-01
4.778137899999999831e+02 3.733333333333333504e-01
4.782596750000000156e+02 3.744444444444444686e-01
4.782676999999999907e+02 3.755555555555555869e-01
4.782820019999999772e+02 3.766666666666666496e-01
4.786255790000000161e+02 3.777777777777777679e-01
4.786577139999999986e+02 3.788888888888888862e-01
4.789208790000000135e+02 3.800000000000000044e-01
4.790638430000000199e+02 3.811111111111111227e-01
4.791907340000000204e+02 3.822222222222222410e-01
4.793208089999999970e+02 3.833333333333333592e-01
4.794490379999999732e+02 3.844444444444444775e-01
4.794534279999999740e+02 3.855555555555555403e-01
4.794936589999999796e+02 3.866666666666666585e-01
4.795222120000000245e+02 3.877777777777777768e-01
4.799251469999999813e+02 3.888888888888888951e-01
4.799831800000000044e+02 3.900000000000000133e-01
4.801894980000000146e+02 3.911111111111111316e-01
4.801925899999999956e+02 3.922222222222222499e-01
4.802115689999999972e+02 3.933333333333333126e-01
4.802775139999999965e+02 3.944444444444444309e-01
4.803773949999999786e+02 3.955555555555555491e-01
4.803926829999999768e+02 3.966666666666666674e-01
4.805708510000000047e+02 3.977777777777777857e-01
4.805876250000000027e+02 3.988888888888889039e-01
4.807604279999999903e+02 4.000000000000000222e-01
4.807884109999999964e+02 4.011111111111111405e-01
4.809547600000000216e+02 4.022222222222222032e-01
4.809890800000000013e+02 4.033333333333333215e-01
4.811514760000000024e+02 4.044444444444444398e-01
4.811934130000000209e+02 4.055555555555555580e-01
4.813607309999999870e+02 4.066666666666666763e-01
4.814462290000000166e+02 4.077777777777777946e-01
4.814479170000000181e+02 4.088888888888889128e-01
4.817644460000000208e+02 4.100000000000000311e-01
4.818070260000000076e+02 4.111111111111110938e-01
4.820508929999999737e+02 4.122222222222222121e-01
4.820625299999999811e+02 4.133333333333333304e-01
4.821036879999999769e+02 4.144444444444444486e-01
4.823953680000000190e+02 4.155555555555555669e-01
4.831020589999999970e+02 4.166666666666666852e-01
4.832833089999999743e+02 4.177777777777778034e-01
4.832834569999999985e+02 4.188888888888889217e-01
4.834294130000000109e+02 4.199999999999999845e-01
4.835677989999999795e+02 4.211111111111111027e-01
4.835706630000000246e+02 4.222222222222222210e-01
4.835883079999999836e+02 4.233333333333333393e-01
4.836156659999999761e+02 4.244444444444444575e-01
4.838970749999999725e+02 4.255555555555555758e-01
4.839236060000000066e+02 4.266666666666666941e-01
4.840193939999999770e+02 4.277777777777777568e-01
4.841022300000000200e+02 4.288888888888888751e-01
4.843355920000000197e+02 4.299999999999999933e-01
4.846791969999999878e+02 4.311111111111111116e-01
4.850108060000000023e+02 4.322222222222222299e-01
4.850398170000000277e+02 4.333333333333333481e-01
4.851764380000000187e+02 4.344444444444444664e-01
4.855471600000000194e+02 4.355555555555555847e-01
4.858291720000000282e+02 4.366666666666666474e-01
4.858743959999999902e+02 4.377777777777777657e-01
4.859764430000000175e+02 4.388888888888888840e-01
4.860124940000000038e+02 4.400000000000000022e-01
4.861038100000000099e+02 4.411111111111111205e-01
4.861404580000000237e+02 4.422222222222222388e-01
4.861953760000000102e+02 4.433333333333333570e-01
4.862071859999999788e+02 4.444444444444444753e-01
4.864665200000000027e+02 4.455555555555555380e-01
4.864932640000000106e+02 4.466666666666666563e-01
4.865369010000000003e+02 4.477777777777777746e-01
4.865836590000000115e+02 4.488888888888888928e-01
4.868927530000000274e+02 4.500000000000000111e-01
4.869587510000000066e+02 4.511111111111111294e-01
4.869660299999999893e+02 4.522222222222222476e-01
4.870115519999999947e+02 4.533333333333333659e-01
4.872340330000000108e+02 4.544444444444444287e-01
4.872811080000000175e+02 4.555555555555555469e-01
4.873104979999999955e+02 4.566666666666666652e-01
4.874413850000000252e+02 4.577777777777777835e-01
4.877334779999999910e+02 4.588888888888889017e-01
4.878390430000000038e+02 4.600000000000000200e-01
4.878733770000000050e+02 4.611111111111111382e-01
4.879635359999999764e+02 4.622222222222222565e-01
4.881394619999999804e+02 4.633333333333333193e-01
4.882962259999999901e+02 4.644444444444444375e-01
4.886111569999999915e+02 4.655555555555555558e-01
4.886831020000000194e+02 4.666666666666666741e-01
4.894400549999999726e+02 4.677777777777777923e-01
4.895786269999999831e+02 4.688888888888889106e-01
4.896992210000000227e+02 4.700000000000000289e-01
4.897153369999999768e+02 4.711111111111110916e-01
4.898559149999999818e+02 4.722222222222222099e-01
4.899865419999999858e+02 4.733333333333333282e-01
4.902288829999999962e+02 4.744444444444444464e-01
4.904650199999999813e+02 4.755555555555555647e-01
4.904893270000000030e+02 4.766666666666666829e-01
4.905068620000000124e+02 4.777777777777778012e-01
4.909018619999999942e+02 4.788888888888889195e-01
4.909399409999999762e+02 4.799999999999999822e-01
4.909602429999999913e+02 4.811111111111111005e-01
4.911567210000000046e+02 4.822222222222222188e-01
4.911836860000000229e+02 4.833333333333333370e-01
4.915170759999999746e+02 4.844444444444444553e-01
4.915635700000000270e+02 4.855555555555555736e-01
4.916524900000000002e+02 4.866666666666666918e-01
4.918912789999999973e+02 4.877777777777778101e-01
4.922028609999999844e+02 4.888888888888888729e-01
4.930516610000000242e+02 4.899999999999999911e-01
4.933074050000000170e+02 4.911111111111111094e-01
4.933568050000000085e+02 4.922222222222222276e-01
4.935673059999999737e+02 4.933333333333333459e-01
4.941936200000000099e+02 4.944444444444444642e-01
4.942840800000000172e+02 4.955555555555555824e-01
4.943309909999999832e+02 4.966666666666667007e-01
4.943613379999999893e+02 4.977777777777777635e-01
4.945164260000000240e+02 4.988888888888888817e-01
4.947376090000000204e+02 5.000000000000000000e-01
4.948035130000000095e+02 5.011111111111110628e-01
4.949136300000000119e+02 5.022222222222221255e-01
4.954375640000000089e+02 5.033333333333332993e-01
4.961393180000000029e+02 5.044444444444443620e-01
4.965692220000000248e+02 5.055555555555555358e-01
4.968705979999999727e+02 5.066666666666665986e-01
4.973000630000000228e+02 5.077777777777777724e-01
4.974025510000000168e+02 5.088888888888888351e-01
4.974629780000000210e+02 5.099999999999998979e-01
4.975827409999999986e+02 5.111111111111110716e-01
4.978732919999999922e+02 5.122222222222221344e-01
4.979233280000000263e+02 5.133333333333333082e-01
4.979674330000000282e+02 5.144444444444443709e-01
4.988339760000000069e+02 5.155555555555555447e-01
4.993731220000000235e+02 5.166666666666666075e-01
4.995218100000000163e+02 5.177777777777777812e-01
4.996311630000000150e+02 5.188888888888888440e-01
5.007715910000000008e+02 5.199999999999999067e-01
5.015690960000000018e+02 5.211111111111110805e-01
5.019671880000000215e+02 5.222222222222221433e-01
5.028552629999999795e+02 5.233333333333333171e-01
5.032877930000000219e+02 5.244444444444443798e-01
5.033502110000000016e+02 5.255555555555555536e-01
5.035332109999999943e+02 5.266666666666666163e-01
5.047946400000000153e+02 5.277777777777776791e-01
5.053059569999999781e+02 5.288888888888888529e-01
5.055133240000000114e+02 5.299999999999999156e-01
5.056416229999999814e+02 5.311111111111110894e-01
5.059680290000000014e+02 5.322222222222221522e-01
5.060427549999999997e+02 5.333333333333333259e-01
5.064986079999999902e+02 5.344444444444443887e-01
5.073808060000000069e+02 5.355555555555554514e-01
5.092771619999999757e+02 5.366666666666666252e-01
5.100481449999999768e+02 5.377777777777776880e-01
5.101799310000000105e+02 5.388888888888888618e-01
5.137992309999999634e+02 5.399999999999999245e-01
5.141920000000000073e+02 5.411111111111110983e-01
5.143491950000000088e+02 5.422222222222221610e-01
5.156683910000000424e+02 5.433333333333333348e-01
5.171227649999999585e+02 5.444444444444443976e-01
5.187449480000000221e+02 5.455555555555554603e-01
5.190461810000000469e+02 5.466666666666666341e-01
5.192378139999999576e+02 5.477777777777776969e-01
5.192860279999999875e+02 5.488888888888888706e-01
5.209091429999999718e+02 5.499999999999999334e-01
5.209817369999999528e+02 5.511111111111111072e-01
5.214846179999999549e+02 5.522222222222221699e-01
5.219226029999999810e+02 5.533333333333332327e-01
5.231861310000000458e+02 5.544444444444444065e-01
5.233613279999999577e+02 5.555555555555554692e-01
5.258092020000000275e+02 5.566666666666666430e-01
5.282140520000000379e+02 5.577777777777777057e-01
5.287145209999999906e+02 5.588888888888888795e-01
5.306709509999999455e+02 5.599999999999999423e-01
5.309932149999999638e+02 5.611111111111111160e-01
5.319071669999999585e+02 5.622222222222221788e-01
5.319288990000000013e+02 5.633333333333332416e-01
5.320613280000000032e+02 5.644444444444444153e-01
5.329424679999999626e+02 5.655555555555554781e-01
5.329630339999999933e+02 5.666666666666666519e-01
5.346185980000000200e+02 5.677777777777777146e-01
5.355024439999999686e+02 5.688888888888888884e-01
5.359513319999999794e+02 5.699999999999999512e-01
5.365073079999999663e+02 5.711111111111110139e-01
5.379900069999999914e+02 5.722222222222221877e-01
5.380511860000000297e+02 5.733333333333332504e-01
5.390778350000000501e+02 5.744444444444444242e-01
5.394574770000000399e+02 5.755555555555554870e-01
5.401537530000000515e+02 5.766666666666666607e-01
5.404402929999999969e+02 5.777777777777777235e-01
5.405870390000000043e+02 5.788888888888887863e-01
5.427260260000000471e+02 5.799999999999999600e-01
5.429318140000000312e+02 5.811111111111110228e-01
5.430833199999999579e+02 5.822222222222221966e-01
5.432395269999999527e+02 5.833333333333332593e-01
5.432808639999999514e+02 5.844444444444444331e-01
5.434933559999999488e+02 5.855555555555554959e-01
5.443887479999999641e+02 5.866666666666666696e-01
5.445008880000000318e+02 5.877777777777777324e-01
5.457611590000000206e+02 5.888888888888887951e-01
5.459858900000000403e+02 5.899999999999999689e-01
5.465786130000000185e+02 5.911111111111110317e-01
5.478141080000000329e+02 5.922222222222222054e-01
5.482059619999999995e+02 5.933333333333332682e-01
5.482352919999999585e+02 5.944444444444444420e-01
5.486652659999999742e+02 5.955555555555555047e-01
5.496625199999999722e+02 5.966666666666665675e-01
5.497460260000000289e+02 5.977777777777777413e-01
5.500476169999999456e+02 5.988888888888888040e-01
5.504942230000000336e+02 5.999999999999999778e-01
5.506631149999999479e+02 6.011111111111110406e-01
5.511632130000000416e+02 6.022222222222222143e-01
5.517945590000000493e+02 6.033333333333332771e-01
5.519026020000000017e+02 6.044444444444444509e-01
5.521896110000000135e+02 6.055555555555555136e-01
5.533569139999999607e+02 6.066666666666665764e-01
5.536240380000000414e+02 6.077777777777777501e-01
5.537925549999999930e+02 6.088888888888888129e-01
5.541555329999999913e+02 6.099999999999999867e-01
5.543621090000000322e+02 6.111111111111110494e-01
5.543970339999999624e+02 6.122222222222222232e-01
5.548004110000000537e+02 6.133333333333332860e-01
5.548769330000000082e+02 6.144444444444443487e-01
5.552745469999999841e+02 6.155555555555555225e-01
5.554462129999999433e+02 6.166666666666665853e-01
5.556227099999999837e+02 6.177777777777777590e-01
5.557017180000000280e+02 6.188888888888888218e-01
5.557080630000000383e+02 6.199999999999999956e-01
5.557686200000000554e+02 6.211111111111110583e-01
5.559557770000000119e+02 6.222222222222221211e-01
5.580775210000000470e+02 6.233333333333332948e-01
5.584922319999999445e+02 6.244444444444443576e-01
5.585702370000000201e+02 6.255555555555555314e-01
5.588889540000000125e+02 6.266666666666665941e-01
5.589334250000000566e+02 6.277777777777777679e-01
5.592045490000000427e+02 6.288888888888888307e-01
5.594615919999999960e+02 6.300000000000000044e-01
5.595541829999999663e+02 6.311111111111110672e-01
5.598521799999999757e+02 6.322222222222221300e-01
5.600052729999999883e+02 6.333333333333333037e-01
5.603174999999999955e+02 6.344444444444443665e-01
5.608440219999999954e+02 6.355555555555555403e-01
5.612185459999999466e+02 6.366666666666666030e-01
5.621802350000000388e+02 6.377777777777777768e-01
5.622945300000000088e+02 6.388888888888888395e-01
5.625074080000000549e+02 6.399999999999999023e-01
5.627229350000000068e+02 6.411111111111110761e-01
5.629980020000000422e+02 6.422222222222221388e-01
5.630670340000000351e+02 6.433333333333333126e-01
5.630718679999999949e+02 6.444444444444443754e-01
5.632102710000000343e+02 6.455555555555555491e-01
5.636012200000000121e+02 6.466666666666666119e-01
5.636484349999999495e+02 6.477777777777776747e-01
5.637949230000000398e+02 6.488888888888888484e-01
5.639809900000000198e+02 6.499999999999999112e-01
5.640404909999999745e+02 6.511111111111110850e-01
5.642500619999999572e+02 6.522222222222221477e-01
5.643510390000000143e+02 6.533333333333333215e-01
5.648961450000000468e+02 6.544444444444443842e-01
5.653180499999999711e+02 6.555555555555555580e-01
5.663973320000000058e+02 6.566666666666666208e-01
5.664716100000000552e+02 6.577777777777776835e-01
5.672554149999999709e+02 6.588888888888888573e-01
5.679191409999999678e+02 6.599999999999999201e-01
5.682885039999999890e+02 6.611111111111110938e-01
5.684237839999999551e+02 6.622222222222221566e-01
5.685189189999999826e+02 6.633333333333333304e-01
5.686511249999999791e+02 6.644444444444443931e-01
5.688099290000000110e+02 6.655555555555554559e-01
5.690311809999999468e+02 6.666666666666666297e-01
5.694302169999999705e+02 6.677777777777776924e-01
5.695881170000000111e+02 6.688888888888888662e-01
5.697927499999999554e+02 6.699999999999999289e-01
5.698690970000000107e+02 6.711111111111111027e-01
5.700056059999999434e+02 6.722222222222221655e-01
5.706057610000000295e+02 6.733333333333333393e-01
5.706806179999999813e+02 6.744444444444444020e-01
5.717212019999999484e+02 6.755555555555554648e-01
5.725459829999999783e+02 6.766666666666666385e-01
5.727068160000000034e+02 6.777777777777777013e-01
5.732167819999999665e+02 6.788888888888888751e-01
5.732172309999999698e+02 6.799999999999999378e-01
5.732680299999999534e+02 6.811111111111111116e-01
5.736073840000000246e+02 6.822222222222221744e-01
5.736928299999999581e+02 6.833333333333332371e-01
5.737411250000000109e+02 6.844444444444444109e-01
5.739048870000000306e+02 6.855555555555554736e-01
5.740239430000000311e+02 6.866666666666666474e-01
5.743371809999999869e+02 6.877777777777777102e-01
5.747105960000000096e+02 6.888888888888888840e-01
5.747448779999999715e+02 6.899999999999999467e-01
5.749513239999999996e+02 6.911111111111110095e-01
5.749761770000000070e+02 6.922222222222221832e-01
5.754799629999999979e+02 6.933333333333332460e-01
5.759449640000000272e+02 6.944444444444444198e-01
5.763685560000000123e+02 6.955555555555554825e-01
5.766977839999999560e+02 6.966666666666666563e-01
5.767615510000000540e+02 6.977777777777777191e-01
5.769411569999999756e+02 6.988888888888888928e-01
5.775023109999999633e+02 6.999999999999999556e-01
5.775701649999999745e+02 7.011111111111110183e-01
5.778645310000000563e+02 7.022222222222221921e-01
5.781386469999999917e+02 7.033333333333332549e-01
5.782419999999999618e+02 7.044444444444444287e-01
5.783138310000000502e+02 7.055555555555554914e-01
5.784261159999999791e+02 7.066666666666666652e-01
5.790023200000000543e+02 7.077777777777777279e-01
5.804728169999999636e+02 7.088888888888887907e-01
5.805295170000000553e+02 7.099999999999999645e-01
5.806713089999999511e+02 7.111111111111110272e-01
5.807700059999999667e+02 7.122222222222222010e-01
5.817966999999999871e+02 7.133333333333332638e-01
5.825287399999999707e+02 7.144444444444444375e-01
5.826812869999999975e+02 7.155555555555555003e-01
5.849049479999999903e+02 7.166666666666665630e-01
5.850120520000000397e+02 7.177777777777777368e-01
5.865027929999999969e+02 7.188888888888887996e-01
5.875132730000000265e+02 7.199999999999999734e-01
5.884118630000000394e+02 7.211111111111110361e-01
5.937089799999999968e+02 7.222222222222222099e-01
5.973309400000000551e+02 7.233333333333332726e-01
5.976417109999999866e+02 7.244444444444444464e-01
5.990891080000000102e+02 7.255555555555555092e-01
5.997272390000000541e+02 7.266666666666665719e-01
6.000380639999999630e+02 7.277777777777777457e-01
6.013643789999999854e+02 7.288888888888888085e-01
6.043020930000000135e+02 7.299999999999999822e-01
6.060566830000000209e+02 7.311111111111110450e-01
6.060783569999999827e+02 7.322222222222222188e-01
6.107460929999999735e+02 7.333333333333332815e-01
6.111310939999999619e+02 7.344444444444443443e-01
6.118295150000000149e+02 7.355555555555555181e-01
6.199277200000000221e+02 7.366666666666665808e-01
6.200960690000000568e+02 7.377777777777777546e-01
6.214635080000000471e+02 7.388888888888888173e-01
6.217705650000000333e+02 7.399999999999999911e-01
6.560476449999999886e+02 7.411111111111110539e-01
6.598447179999999435e+02 7.422222222222222276e-01
6.604052920000000313e+02 7.433333333333332904e-01
6.605414449999999533e+02 7.444444444444443532e-01
6.606312850000000481e+02 7.455555555555555269e-01
6.643832810000000109e+02 7.466666666666665897e-01
6.646785220000000436e+02 7.477777777777777635e-01
6.647355969999999843e+02 7.488888888888888262e-01
6.651292220000000270e+02 7.500000000000000000e-01
6.651799959999999601e+02 7.511111111111110628e-01
6.654101570000000265e+02 7.522222222222221255e-01
6.656511440000000448e+02 7.533333333333332993e-01
6.690155539999999519e+02 7.544444444444443620e-01
6.695150999999999613e+02 7.555555555555555358e-01
6.697755779999999959e+02 7.566666666666665986e-01
6.699285919999999805e+02 7.577777777777777724e-01
6.700193659999999909e+02 7.588888888888888351e-01
6.702776059999999916e+02 7.599999999999998979e-01
6.705054119999999784e+02 7.611111111111110716e-01
6.707837749999999915e+02 7.622222222222221344e-01
6.710747860000000173e+02 7.633333333333333082e-01
6.715988380000000006e+02 7.644444444444443709e-01
6.745858970000000454e+02 7.655555555555555447e-01
6.746229329999999891e+02 7.666666666666666075e-01
6.746685410000000047e+02 7.677777777777777812e-01
6.748679469999999583e+02 7.688888888888888440e-01
6.749206820000000562e+02 7.699999999999999067e-01
6.750327479999999696e+02 7.711111111111110805e-01
6.750981080000000247e+02 7.722222222222221433e-01
6.751587510000000520e+02 7.733333333333333171e-01
6.755385909999999967e+02 7.744444444444443798e-01
6.755394300000000385e+02 7.755555555555555536e-01
6.755880610000000388e+02 7.766666666666666163e-01
6.756690820000000031e+02 7.777777777777776791e-01
6.764472479999999450e+02 7.788888888888888529e-01
6.797322169999999915e+02 7.799999999999999156e-01
6.797459209999999530e+02 7.811111111111110894e-01
6.798791039999999839e+02 7.822222222222221522e-01
6.799355229999999892e+02 7.833333333333333259e-01
6.800016900000000533e+02 7.844444444444443887e-01
6.800063639999999623e+02 7.855555555555554514e-01
6.800388709999999719e+02 7.866666666666666252e-01
6.801203520000000253e+02 7.877777777777776880e-01
6.807426719999999705e+02 7.888888888888888618e-01
6.826997599999999693e+02 7.899999999999999245e-01
6.838203049999999621e+02 7.911111111111110983e-01
6.841734189999999671e+02 7.922222222222221610e-01
6.842202310000000125e+02 7.933333333333333348e-01
6.845589129999999614e+02 7.944444444444443976e-01
6.846447670000000016e+02 7.955555555555554603e-01
6.847141980000000103e+02 7.966666666666666341e-01
6.847897140000000036e+02 7.977777777777776969e-01
6.848786129999999730e+02 7.988888888888888706e-01
6.849059099999999489e+02 7.999999999999999334e-01
6.849366459999999961e+02 8.011111111111111072e-01
6.850291650000000345e+02 8.022222222222221699e-01
6.850343219999999747e+02 8.033333333333332327e-01
6.850945950000000266e+02 8.044444444444444065e-01
6.851173669999999447e+02 8.055555555555554692e-01
6.865598840000000109e+02 8.066666666666666430e-01
6.866839429999999993e+02 8.077777777777777057e-01
6.879187050000000454e+02 8.088888888888888795e-01
6.881304360000000315e+02 8.099999999999999423e-01
6.890641319999999723e+02 8.111111111111111160e-01
6.896489299999999503e+02 8.122222222222221788e-01
6.896751259999999775e+02 8.133333333333332416e-01
6.897351909999999862e+02 8.144444444444444153e-01
6.898575289999999995e+02 8.155555555555554781e-01
6.898649430000000393e+02 8.166666666666666519e-01
6.899297920000000204e+02 8.177777777777777146e-01
6.899684539999999515e+02 8.188888888888888884e-01
6.899883720000000267e+02 8.199999999999999512e-01
6.900667479999999614e+02 8.211111111111110139e-01
6.901010919999999942e+02 8.222222222222221877e-01
6.901020660000000362e+02 8.233333333333332504e-01
6.901867099999999482e+02 8.244444444444444242e-01
6.906670000000000300e+02 8.255555555555554870e-01
6.907524339999999938e+02 8.266666666666666607e-01
6.911557500000000118e+02 8.277777777777777235e-01
6.925616949999999861e+02 8.288888888888887863e-01
6.933623059999999896e+02 8.299999999999999600e-01
6.943646760000000313e+02 8.311111111111110228e-01
6.951066160000000309e+02 8.322222222222221966e-01
6.953558649999999943e+02 8.333333333333332593e-01
6.956950630000000046e+02 8.344444444444444331e-01
6.968273450000000366e+02 8.355555555555554959e-01
6.968856799999999794e+02 8.366666666666666696e-01
6.969217760000000226e+02 8.377777777777777324e-01
6.977704089999999724e+02 8.388888888888887951e-01
6.989081230000000460e+02 8.399999999999999689e-01
6.999448449999999866e+02 8.411111111111110317e-01
6.999504940000000488e+02 8.422222222222222054e-01
7.000023790000000190e+02 8.433333333333332682e-01
7.001088270000000193e+02 8.444444444444444420e-01
7.002183280000000423e+02 8.455555555555555047e-01
7.002590209999999615e+02 8.466666666666665675e-01
7.004441160000000082e+02 8.477777777777777413e-01
7.005695660000000089e+02 8.488888888888888040e-01
7.006062530000000379e+02 8.499999999999999778e-01
7.006368609999999535e+02 8.511111111111110406e-01
7.009510649999999714e+02 8.522222222222222143e-01
7.019032409999999800e+02 8.533333333333332771e-01
7.027059470000000374e+02 8.544444444444443398e-01
7.029377289999999903e+02 8.555555555555555136e-01
7.034836699999999610e+02 8.566666666666665764e-01
7.035749230000000125e+02 8.577777777777777501e-01
7.038068510000000515e+02 8.588888888888888129e-01
7.046463400000000092e+02 8.599999999999999867e-01
7.047027869999999439e+02 8.611111111111110494e-01
7.047203070000000480e+02 8.622222222222222232e-01
7.047396179999999504e+02 8.633333333333332860e-01
7.047605509999999640e+02 8.644444444444443487e-01
7.048254289999999855e+02 8.655555555555555225e-01
7.049768500000000131e+02 8.666666666666665853e-01
7.051273899999999912e+02 8.677777777777777590e-01
7.051500300000000152e+02 8.688888888888888218e-01
7.054460920000000215e+02 8.699999999999999956e-01
7.055917279999999892e+02 8.711111111111110583e-01
7.056846249999999827e+02 8.722222222222221211e-01
7.057780639999999721e+02 8.733333333333332948e-01
7.061905500000000302e+02 8.744444444444443576e-01
7.067306320000000142e+02 8.755555555555555314e-01
7.070435589999999593e+02 8.766666666666665941e-01
7.071998109999999542e+02 8.777777777777777679e-01
7.073349640000000136e+02 8.788888888888888307e-01
7.083980719999999565e+02 8.800000000000000044e-01
7.084750350000000481e+02 8.811111111111110672e-01
7.090173839999999927e+02 8.822222222222221300e-01
7.097090520000000424e+02 8.833333333333333037e-01
7.098369360000000370e+02 8.844444444444443665e-01
7.100325430000000324e+02 8.855555555555555403e-01
7.101997830000000249e+02 8.866666666666666030e-01
7.102154739999999720e+02 8.877777777777777768e-01
7.103081570000000511e+02 8.888888888888888395e-01
7.104010799999999790e+02 8.899999999999999023e-01
7.104119230000000016e+02 8.911111111111110761e-01
7.105264989999999443e+02 8.922222222222221388e-01
7.118171089999999595e+02 8.933333333333333126e-01
7.119669850000000224e+02 8.944444444444443754e-01
7.123105170000000044e+02 8.955555555555555491e-01
7.124121770000000424e+02 8.966666666666666119e-01
7.141273310000000265e+02 8.977777777777776747e-01
7.141705399999999599e+02 8.988888888888888484e-01
7.141956639999999652e+02 8.999999999999999112e-01
7.144736980000000131e+02 9.011111111111110850e-01
7.145675210000000561e+02 9.022222222222221477e-01
7.146631200000000490e+02 9.033333333333333215e-01
7.147971890000000030e+02 9.044444444444443842e-01
7.149256850000000441e+02 9.055555555555555580e-01
7.150512780000000248e+02 9.066666666666666208e-01
7.150860860000000230e+02 9.077777777777776835e-01
7.151194669999999860e+02 9.088888888888888573e-01
7.158703000000000429e+02 9.099999999999999201e-01
7.158749400000000378e+02 9.111111111111110938e-01
7.159149859999999990e+02 9.122222222222221566e-01
7.160100810000000138e+02 9.133333333333333304e-01
7.161083159999999452e+02 9.144444444444443931e-01
7.164376180000000431e+02 9.155555555555554559e-01
7.164595180000000028e+02 9.166666666666666297e-01
7.169771670000000086e+02 9.177777777777776924e-01
7.170502330000000484e+02 9.188888888888888662e-01
7.179739739999999983e+02 9.199999999999999289e-01
7.188575620000000299e+02 9.211111111111111027e-01
7.190730160000000524e+02 9.222222222222221655e-01
7.195287990000000491e+02 9.233333333333333393e-01
7.210227390000000014e+02 9.244444444444444020e-01
7.216322750000000497e+02 9.255555555555554648e-01
7.216718550000000505e+02 9.266666666666666385e-01
7.229708110000000261e+02 9.277777777777777013e-01
7.231491419999999835e+02 9.288888888888888751e-01
7.243285270000000082e+02 9.299999999999999378e-01
7.253007010000000037e+02 9.311111111111111116e-01
7.253834590000000162e+02 9.322222222222221744e-01
7.270937179999999671e+02 9.333333333333332371e-01
7.271508770000000368e+02 9.344444444444444109e-01
7.273981720000000450e+02 9.355555555555554736e-01
7.274454490000000533e+02 9.366666666666666474e-01
7.290173330000000078e+02 9.377777777777777102e-01
7.292125170000000480e+02 9.388888888888888840e-01
7.299897509999999556e+02 9.399999999999999467e-01
7.300078109999999469e+02 9.411111111111110095e-01
7.303179209999999557e+02 9.422222222222221832e-01
7.309242789999999559e+02 9.433333333333332460e-01
7.311397520000000441e+02 9.444444444444444198e-01
7.322659650000000511e+02 9.455555555555554825e-01
7.325046069999999645e+02 9.466666666666666563e-01
7.348904959999999846e+02 9.477777777777777191e-01
7.357187890000000152e+02 9.488888888888888928e-01
7.365479629999999815e+02 9.499999999999999556e-01
7.369933620000000474e+02 9.511111111111110183e-01
7.381879750000000513e+02 9.522222222222221921e-01
7.386449340000000348e+02 9.533333333333332549e-01
7.399714969999999994e+02 9.544444444444444287e-01
7.408451340000000300e+02 9.555555555555554914e-01
7.408714079999999740e+02 9.566666666666666652e-01
7.411734030000000075e+02 9.577777777777777279e-01
7.412739309999999477e+02 9.588888888888887907e-01
7.421258289999999533e+02 9.599999999999999645e-01
7.427800389999999879e+02 9.611111111111110272e-01
7.430161070000000336e+02 9.622222222222222010e-01
7.440215239999999994e+02 9.633333333333332638e-01
7.451464650000000347e+02 9.644444444444444375e-01
7.452974729999999681e+02 9.655555555555555003e-01
7.495150869999999941e+02 9.666666666666665630e-01
7.495266629999999850e+02 9.677777777777777368e-01
7.497649300000000494e+02 9.688888888888887996e-01
7.498390180000000100e+02 9.699999999999999734e-01
7.547828409999999622e+02 9.711111111111110361e-01
7.549684919999999693e+02 9.722222222222222099e-01
7.550138950000000477e+02 9.733333333333332726e-01
7.556793340000000399e+02 9.744444444444444464e-01
7.561173680000000559e+02 9.755555555555555092e-01
7.603637579999999616e+02 9.766666666666665719e-01
7.611244249999999738e+02 9.777777777777777457e-01
7.647773210000000290e+02 9.788888888888888085e-01
7.700775169999999434e+02 9.799999999999999822e-01
7.708352139999999508e+02 9.811111111111110450e-01
7.897375960000000532e+02 9.822222222222222188e-01
7.916809369999999717e+02 9.833333333333332815e-01
7.943778829999999971e+02 9.844444444444443443e-01
7.990080259999999726e+02 9.855555555555555181e-01
8.046831630000000359e+02 9.866666666666665808e-01
8.091353360000000521e+02 9.877777777777777546e-01
8.102278629999999566e+02 9.888888888888888173e-01
8.144067280000000437e+02 9.899999999999999911e-01
8.151236649999999599e+02 9.911111111111110539e-01
8.163641840000000229e+02 9.922222222222222276e-01
8.198288700000000517e+02 9.933333333333332904e-01
8.297670229999999947e+02 9.944444444444443532e-01
8.386093759999999975e+02 9.955555555555555269e-01
8.597114910000000236e+02 9.966666666666665897e-01
8.999917199999999866e+02 9.977777777777777635e-01
1.094340367999999899e+03 9.988888888888888262e-01
2.003930808000000070e+03 1.000000000000000000e+00
