x    y
-inf 0.000000000000000000e+00
5.002495630000000233e+02 1.428571428571428570e-03
5.024829579999999964e+02 2.857142857142857140e-03
5.066357320000000186e+02 4.285714285714285927e-03
5.083621430000000032e+02 5.714285714285714281e-03
5.086877450000000067e+02 7.142857142857142634e-03
5.105844149999999786e+02 8.571428571428571855e-03
5.112245060000000194e+02 1.000000000000000021e-02
5.112493089999999825e+02 1.142857142857142856e-02
5.122773339999999962e+02 1.285714285714285691e-02
5.125239000000000260e+02 1.428571428571428527e-02
5.140002970000000460e+02 1.571428571428571536e-02
5.145985570000000280e+02 1.714285714285714371e-02
5.147304070000000138e+02 1.857142857142857206e-02
5.148432470000000194e+02 2.000000000000000042e-02
5.155857439999999769e+02 2.142857142857142877e-02
5.160366129999999885e+02 2.285714285714285712e-02
5.160741179999999986e+02 2.428571428571428548e-02
5.161012650000000122e+02 2.571428571428571383e-02
5.167524869999999737e+02 2.714285714285714218e-02
5.171324530000000550e+02 2.857142857142857054e-02
5.173920040000000427e+02 2.999999999999999889e-02
5.174240650000000414e+02 3.142857142857143071e-02
5.178225260000000389e+02 3.285714285714286254e-02
5.186874910000000227e+02 3.428571428571428742e-02
5.187311849999999822e+02 3.571428571428571924e-02
5.190326609999999619e+02 3.714285714285714413e-02
5.195069730000000163e+02 3.857142857142857595e-02
5.195487299999999777e+02 4.000000000000000083e-02
5.203060269999999718e+02 4.142857142857143266e-02
5.203459000000000287e+02 4.285714285714285754e-02
5.210803610000000390e+02 4.428571428571428936e-02
5.211604660000000422e+02 4.571428571428571425e-02
5.212500880000000052e+02 4.714285714285714607e-02
5.216370120000000270e+02 4.857142857142857789e-02
5.216554109999999582e+02 5.000000000000000278e-02
5.220834549999999581e+02 5.142857142857143460e-02
5.228130190000000539e+02 5.285714285714285948e-02
5.229882639999999583e+02 5.428571428571429131e-02
5.233565499999999702e+02 5.571428571428571619e-02
5.239561230000000478e+02 5.714285714285714801e-02
5.246965370000000348e+02 5.857142857142857290e-02
5.247699119999999766e+02 6.000000000000000472e-02
5.250808970000000500e+02 6.142857142857142960e-02
5.252019109999999955e+02 6.285714285714286143e-02
5.252406670000000304e+02 6.428571428571429325e-02
5.256083959999999706e+02 6.571428571428571119e-02
5.256939220000000432e+02 6.714285714285714302e-02
5.257325260000000071e+02 6.857142857142857484e-02
5.259529449999999997e+02 7.000000000000000666e-02
5.262527509999999893e+02 7.142857142857143848e-02
5.267582099999999627e+02 7.285714285714285643e-02
5.271944989999999507e+02 7.428571428571428825e-02
5.277941210000000183e+02 7.571428571428572007e-02
5.279616200000000390e+02 7.714285714285715190e-02
5.281114890000000059e+02 7.857142857142856984e-02
5.282999740000000202e+02 8.000000000000000167e-02
5.284931420000000344e+02 8.142857142857143349e-02
5.286037499999999909e+02 8.285714285714286531e-02
5.290617389999999887e+02 8.428571428571428326e-02
5.292414680000000544e+02 8.571428571428571508e-02
5.293815970000000561e+02 8.714285714285714690e-02
5.294589809999999943e+02 8.857142857142857872e-02
5.295520729999999503e+02 8.999999999999999667e-02
5.299394469999999728e+02 9.142857142857142849e-02
5.301771760000000313e+02 9.285714285714286031e-02
5.306506890000000567e+02 9.428571428571429214e-02
5.311890260000000126e+02 9.571428571428572396e-02
5.313261740000000373e+02 9.714285714285714191e-02
5.315624830000000429e+02 9.857142857142857373e-02
5.323535640000000058e+02 1.000000000000000056e-01
5.324494270000000142e+02 1.014285714285714374e-01
5.324829630000000407e+02 1.028571428571428553e-01
5.329807990000000473e+02 1.042857142857142871e-01
5.331986220000000003e+02 1.057142857142857190e-01
5.337575819999999567e+02 1.071428571428571508e-01
5.344035430000000133e+02 1.085714285714285687e-01
5.347107660000000351e+02 1.100000000000000006e-01
5.353208409999999731e+02 1.114285714285714324e-01
5.356903499999999667e+02 1.128571428571428642e-01
5.358064150000000154e+02 1.142857142857142821e-01
5.361537530000000515e+02 1.157142857142857140e-01
5.370800699999999779e+02 1.171428571428571458e-01
5.371202479999999468e+02 1.185714285714285776e-01
5.373286839999999529e+02 1.200000000000000094e-01
5.374155060000000503e+02 1.214285714285714274e-01
5.387354299999999512e+02 1.228571428571428592e-01
5.391724339999999529e+02 1.242857142857142910e-01
5.400113689999999451e+02 1.257142857142857229e-01
5.401768309999999929e+02 1.271428571428571408e-01
5.401857260000000451e+02 1.285714285714285587e-01
5.402395010000000184e+02 1.299999999999999767e-01
5.403412289999999985e+02 1.314285714285714224e-01
5.403684520000000475e+02 1.328571428571428403e-01
5.407241629999999759e+02 1.342857142857142860e-01
5.412713079999999763e+02 1.357142857142857040e-01
5.412894199999999501e+02 1.371428571428571219e-01
5.414650840000000471e+02 1.385714285714285676e-01
5.414726940000000468e+02 1.399999999999999856e-01
5.416717740000000276e+02 1.414285714285714313e-01
5.419012870000000248e+02 1.428571428571428492e-01
5.421028619999999592e+02 1.442857142857142672e-01
5.422918479999999590e+02 1.457142857142857129e-01
5.423870070000000396e+02 1.471428571428571308e-01
5.427312869999999521e+02 1.485714285714285487e-01
5.427500589999999647e+02 1.499999999999999944e-01
5.434314990000000307e+02 1.514285714285714124e-01
5.435007859999999482e+02 1.528571428571428581e-01
5.435639619999999468e+02 1.542857142857142760e-01
5.439138699999999744e+02 1.557142857142856940e-01
5.440235169999999698e+02 1.571428571428571397e-01
5.441956159999999727e+02 1.585714285714285576e-01
5.442641800000000103e+02 1.599999999999999756e-01
5.444114939999999478e+02 1.614285714285714213e-01
5.445052789999999732e+02 1.628571428571428392e-01
5.448506569999999556e+02 1.642857142857142849e-01
5.450182200000000421e+02 1.657142857142857029e-01
5.458972449999999981e+02 1.671428571428571208e-01
5.460649740000000065e+02 1.685714285714285665e-01
5.462885820000000194e+02 1.699999999999999845e-01
5.463045429999999669e+02 1.714285714285714302e-01
5.463847369999999728e+02 1.728571428571428481e-01
5.468242119999999886e+02 1.742857142857142660e-01
5.472603070000000116e+02 1.757142857142857117e-01
5.472929940000000215e+02 1.771428571428571297e-01
5.472966119999999819e+02 1.785714285714285476e-01
5.475862849999999753e+02 1.799999999999999933e-01
5.486706450000000359e+02 1.814285714285714113e-01
5.490813309999999774e+02 1.828571428571428570e-01
5.491460630000000265e+02 1.842857142857142749e-01
5.492188250000000380e+02 1.857142857142856929e-01
5.492323609999999690e+02 1.871428571428571386e-01
5.493271340000000009e+02 1.885714285714285565e-01
5.496845220000000154e+02 1.900000000000000022e-01
5.497887240000000020e+02 1.914285714285714202e-01
5.499698560000000498e+02 1.928571428571428381e-01
5.502415879999999788e+02 1.942857142857142838e-01
5.504783310000000256e+02 1.957142857142857018e-01
5.508986979999999676e+02 1.971428571428571197e-01
5.510060049999999592e+02 1.985714285714285654e-01
5.510976970000000392e+02 1.999999999999999833e-01
5.512076899999999569e+02 2.014285714285714290e-01
5.513336839999999484e+02 2.028571428571428470e-01
5.513949599999999691e+02 2.042857142857142649e-01
5.518762100000000146e+02 2.057142857142857106e-01
5.519113350000000082e+02 2.071428571428571286e-01
5.520392269999999826e+02 2.085714285714285743e-01
5.522891580000000431e+02 2.099999999999999922e-01
5.523291639999999916e+02 2.114285714285714102e-01
5.524131909999999834e+02 2.128571428571428559e-01
5.524494089999999460e+02 2.142857142857142738e-01
5.524831759999999576e+02 2.157142857142856918e-01
5.525478890000000547e+02 2.171428571428571375e-01
5.527593699999999899e+02 2.185714285714285554e-01
5.528646430000000009e+02 2.200000000000000011e-01
5.528873529999999619e+02 2.214285714285714191e-01
5.533192350000000488e+02 2.228571428571428370e-01
5.536855560000000196e+02 2.242857142857142827e-01
5.536914279999999735e+02 2.257142857142857006e-01
5.537189829999999802e+02 2.271428571428571186e-01
5.538922999999999774e+02 2.285714285714285643e-01
5.540397150000000011e+02 2.299999999999999822e-01
5.541717399999999998e+02 2.314285714285714279e-01
5.543100799999999708e+02 2.328571428571428459e-01
5.543788919999999507e+02 2.342857142857142638e-01
5.545869810000000371e+02 2.357142857142857095e-01
5.548626199999999926e+02 2.371428571428571275e-01
5.549429589999999735e+02 2.385714285714285732e-01
5.549469430000000330e+02 2.399999999999999911e-01
5.549971060000000307e+02 2.414285714285714091e-01
5.551534759999999551e+02 2.428571428571428548e-01
5.553035200000000486e+02 2.442857142857142727e-01
5.554110030000000506e+02 2.457142857142856907e-01
5.554881679999999733e+02 2.471428571428571364e-01
5.562569989999999507e+02 2.485714285714285543e-01
5.563252720000000409e+02 2.500000000000000000e-01
5.563347449999999981e+02 2.514285714285714457e-01
5.571088190000000395e+02 2.528571428571428914e-01
5.576505329999999958e+02 2.542857142857142816e-01
5.576869199999999864e+02 2.557142857142857273e-01
5.578601640000000543e+02 2.571428571428571730e-01
5.580329239999999800e+02 2.585714285714285632e-01
5.580946659999999611e+02 2.600000000000000089e-01
5.581669550000000299e+02 2.614285714285714546e-01
5.582368149999999787e+02 2.628571428571429003e-01
5.583205070000000205e+02 2.642857142857142905e-01
5.584310450000000401e+02 2.657142857142857362e-01
5.586158709999999701e+02 2.671428571428571819e-01
5.587588809999999739e+02 2.685714285714285721e-01
5.593369239999999536e+02 2.700000000000000178e-01
5.594618309999999610e+02 2.714285714285714635e-01
5.597354259999999613e+02 2.728571428571428537e-01
5.597892359999999599e+02 2.742857142857142994e-01
5.599565059999999903e+02 2.757142857142857451e-01
5.599729889999999841e+02 2.771428571428571352e-01
5.600875750000000153e+02 2.785714285714285809e-01
5.603413900000000467e+02 2.800000000000000266e-01
5.603944400000000314e+02 2.814285714285714723e-01
5.606128870000000006e+02 2.828571428571428625e-01
5.610897189999999455e+02 2.842857142857143082e-01
5.611896030000000337e+02 2.857142857142857539e-01
5.612372070000000122e+02 2.871428571428571441e-01
5.612406640000000380e+02 2.885714285714285898e-01
5.612592059999999492e+02 2.900000000000000355e-01
5.614514179999999897e+02 2.914285714285714257e-01
5.615130659999999807e+02 2.928571428571428714e-01
5.615256769999999733e+02 2.942857142857143171e-01
5.617175809999999956e+02 2.957142857142857073e-01
5.618990019999999959e+02 2.971428571428571530e-01
5.621802969999999959e+02 2.985714285714285987e-01
5.622049160000000256e+02 3.000000000000000444e-01
5.625244069999999965e+02 3.014285714285714346e-01
5.625405100000000402e+02 3.028571428571428803e-01
5.626142630000000509e+02 3.042857142857143260e-01
5.626747319999999490e+02 3.057142857142857162e-01
5.627845640000000458e+02 3.071428571428571619e-01
5.628120509999999967e+02 3.085714285714286076e-01
5.629862450000000536e+02 3.099999999999999978e-01
5.631072060000000192e+02 3.114285714285714435e-01
5.637160890000000109e+02 3.128571428571428892e-01
5.642104000000000497e+02 3.142857142857142794e-01
5.646821240000000444e+02 3.157142857142857251e-01
5.649533719999999448e+02 3.171428571428571708e-01
5.649770969999999579e+02 3.185714285714285610e-01
5.649976699999999710e+02 3.200000000000000067e-01
5.651127300000000560e+02 3.214285714285714524e-01
5.652491039999999884e+02 3.228571428571428981e-01
5.653641189999999597e+02 3.242857142857142883e-01
5.654269930000000386e+02 3.257142857142857340e-01
5.655535790000000134e+02 3.271428571428571797e-01
5.656684219999999641e+02 3.285714285714285698e-01
5.657180919999999560e+02 3.300000000000000155e-01
5.658206129999999803e+02 3.314285714285714612e-01
5.662487770000000182e+02 3.328571428571428514e-01
5.663728139999999485e+02 3.342857142857142971e-01
5.665445610000000443e+02 3.357142857142857428e-01
5.667255750000000489e+02 3.371428571428571330e-01
5.667585090000000037e+02 3.385714285714285787e-01
5.674973240000000487e+02 3.400000000000000244e-01
5.675496530000000348e+02 3.414285714285714701e-01
5.675503750000000309e+02 3.428571428571428603e-01
5.675536939999999504e+02 3.442857142857143060e-01
5.676781419999999798e+02 3.457142857142857517e-01
5.677241679999999633e+02 3.471428571428571419e-01
5.678073839999999564e+02 3.485714285714285876e-01
5.681446999999999434e+02 3.500000000000000333e-01
5.684567479999999478e+02 3.514285714285714235e-01
5.684731319999999641e+02 3.528571428571428692e-01
5.688600500000000011e+02 3.542857142857143149e-01
5.690253259999999500e+02 3.557142857142857051e-01
5.691249380000000428e+02 3.571428571428571508e-01
5.692275150000000394e+02 3.585714285714285965e-01
5.693485030000000506e+02 3.600000000000000422e-01
5.693765210000000252e+02 3.614285714285714324e-01
5.696384389999999485e+02 3.628571428571428781e-01
5.701398080000000164e+02 3.642857142857143238e-01
5.702027640000000019e+02 3.657142857142857140e-01
5.702356919999999718e+02 3.671428571428571597e-01
5.704475449999999910e+02 3.685714285714286054e-01
5.706117530000000215e+02 3.699999999999999956e-01
5.707889239999999518e+02 3.714285714285714413e-01
5.710514540000000352e+02 3.728571428571428870e-01
5.711870119999999815e+02 3.742857142857142771e-01
5.712390259999999671e+02 3.757142857142857229e-01
5.712867889999999989e+02 3.771428571428571686e-01
5.713169860000000426e+02 3.785714285714286143e-01
5.715496309999999767e+02 3.800000000000000044e-01
5.723235389999999825e+02 3.814285714285714501e-01
5.723644289999999728e+02 3.828571428571428958e-01
5.724021199999999681e+02 3.842857142857142860e-01
5.724832420000000184e+02 3.857142857142857317e-01
5.725565470000000232e+02 3.871428571428571774e-01
5.726498219999999719e+02 3.885714285714285676e-01
5.729247100000000046e+02 3.900000000000000133e-01
5.731157759999999826e+02 3.914285714285714590e-01
5.734413690000000088e+02 3.928571428571428492e-01
5.737917410000000018e+02 3.942857142857142949e-01
5.737942199999999957e+02 3.957142857142857406e-01
5.738738919999999553e+02 3.971428571428571863e-01
5.740004830000000311e+02 3.985714285714285765e-01
5.740936890000000403e+02 4.000000000000000222e-01
5.741111990000000560e+02 4.014285714285714679e-01
5.742789729999999508e+02 4.028571428571428581e-01
5.744104680000000371e+02 4.042857142857143038e-01
5.744167599999999538e+02 4.057142857142857495e-01
5.745628600000000006e+02 4.071428571428571397e-01
5.746708589999999504e+02 4.085714285714285854e-01
5.746781790000000001e+02 4.100000000000000311e-01
5.749154859999999871e+02 4.114285714285714213e-01
5.751179469999999583e+02 4.128571428571428670e-01
5.754773950000000013e+02 4.142857142857143127e-01
5.763557339999999840e+02 4.157142857142857584e-01
5.767087780000000521e+02 4.171428571428571486e-01
5.768205299999999625e+02 4.185714285714285943e-01
5.771121010000000524e+02 4.200000000000000400e-01
5.773716950000000452e+02 4.214285714285714302e-01
5.775080380000000559e+02 4.228571428571428759e-01
5.782490960000000086e+02 4.242857142857143216e-01
5.783912870000000339e+02 4.257142857142857117e-01
5.790497239999999692e+02 4.271428571428571574e-01
5.790944319999999834e+02 4.285714285714286031e-01
5.792252419999999802e+02 4.299999999999999933e-01
5.792838209999999890e+02 4.314285714285714390e-01
5.794990299999999479e+02 4.328571428571428847e-01
5.799397370000000365e+02 4.342857142857142749e-01
5.805739529999999604e+02 4.357142857142857206e-01
5.806315389999999752e+02 4.371428571428571663e-01
5.806717230000000427e+02 4.385714285714286120e-01
5.808173689999999851e+02 4.400000000000000022e-01
5.813203250000000253e+02 4.414285714285714479e-01
5.813404789999999593e+02 4.428571428571428936e-01
5.813522990000000163e+02 4.442857142857142838e-01
5.818272090000000389e+02 4.457142857142857295e-01
5.818384260000000268e+02 4.471428571428571752e-01
5.820268379999999979e+02 4.485714285714285654e-01
5.820623540000000276e+02 4.500000000000000111e-01
5.826966790000000174e+02 4.514285714285714568e-01
5.828211350000000266e+02 4.528571428571428470e-01
5.828700910000000022e+02 4.542857142857142927e-01
5.829859330000000455e+02 4.557142857142857384e-01
5.831956209999999601e+02 4.571428571428571841e-01
5.833086980000000494e+02 4.585714285714285743e-01
5.834533890000000156e+02 4.600000000000000200e-01
5.834945569999999861e+02 4.614285714285714657e-01
5.835187120000000505e+02 4.628571428571428559e-01
5.837064520000000130e+02 4.642857142857143016e-01
5.837378619999999501e+02 4.657142857142857473e-01
5.838658890000000383e+02 4.671428571428571375e-01
5.838803329999999505e+02 4.685714285714285832e-01
5.845001730000000180e+02 4.700000000000000289e-01
5.845715920000000096e+02 4.714285714285714191e-01
5.846850540000000365e+02 4.728571428571428648e-01
5.849787099999999782e+02 4.742857142857143105e-01
5.849944799999999532e+02 4.757142857142857562e-01
5.853003860000000032e+02 4.771428571428571463e-01
5.858588019999999688e+02 4.785714285714285920e-01
5.859385300000000143e+02 4.800000000000000377e-01
5.863535319999999729e+02 4.814285714285714279e-01
5.865395610000000488e+02 4.828571428571428736e-01
5.868243250000000444e+02 4.842857142857143193e-01
5.868517170000000078e+02 4.857142857142857095e-01
5.874332339999999704e+02 4.871428571428571552e-01
5.874366539999999759e+02 4.885714285714286009e-01
5.874374569999999949e+02 4.899999999999999911e-01
5.875561549999999897e+02 4.914285714285714368e-01
5.876307550000000219e+02 4.928571428571428825e-01
5.876315620000000308e+02 4.942857142857143282e-01
5.879805209999999533e+02 4.957142857142857184e-01
5.880576369999999997e+02 4.971428571428571641e-01
5.882715319999999792e+02 4.985714285714286098e-01
5.890232150000000502e+02 5.000000000000000000e-01
5.893214719999999716e+02 5.014285714285714457e-01
5.893482629999999745e+02 5.028571428571428914e-01
5.895691520000000310e+02 5.042857142857143371e-01
5.898062889999999925e+02 5.057142857142857828e-01
5.901102140000000418e+02 5.071428571428571175e-01
5.901201800000000048e+02 5.085714285714285632e-01
5.903368739999999661e+02 5.100000000000000089e-01
5.904394660000000385e+02 5.114285714285714546e-01
5.904478830000000471e+02 5.128571428571429003e-01
5.905912110000000439e+02 5.142857142857143460e-01
5.918215870000000223e+02 5.157142857142856807e-01
5.925248309999999492e+02 5.171428571428571264e-01
5.925324090000000297e+02 5.185714285714285721e-01
5.925414849999999660e+02 5.200000000000000178e-01
5.925520709999999553e+02 5.214285714285714635e-01
5.926987080000000105e+02 5.228571428571429092e-01
5.933952900000000454e+02 5.242857142857143549e-01
5.935485089999999673e+02 5.257142857142856895e-01
5.941698949999999968e+02 5.271428571428571352e-01
5.944740120000000161e+02 5.285714285714285809e-01
5.949070639999999912e+02 5.300000000000000266e-01
5.952381390000000465e+02 5.314285714285714723e-01
5.961516699999999673e+02 5.328571428571429180e-01
5.962782889999999725e+02 5.342857142857142527e-01
5.965726009999999633e+02 5.357142857142856984e-01
5.966705429999999524e+02 5.371428571428571441e-01
5.970599459999999681e+02 5.385714285714285898e-01
5.978398640000000341e+02 5.400000000000000355e-01
5.980135119999999915e+02 5.414285714285714812e-01
5.983092370000000528e+02 5.428571428571429269e-01
5.984050019999999677e+02 5.442857142857142616e-01
5.992095349999999598e+02 5.457142857142857073e-01
6.001986829999999600e+02 5.471428571428571530e-01
6.007038159999999607e+02 5.485714285714285987e-01
6.008348069999999552e+02 5.500000000000000444e-01
6.032229119999999511e+02 5.514285714285714901e-01
6.057952770000000555e+02 5.528571428571428248e-01
6.063605129999999690e+02 5.542857142857142705e-01
6.085702959999999848e+02 5.557142857142857162e-01
6.099923059999999850e+02 5.571428571428571619e-01
6.103308459999999513e+02 5.585714285714286076e-01
6.130748240000000351e+02 5.600000000000000533e-01
6.161842980000000125e+02 5.614285714285714990e-01
6.164055409999999711e+02 5.628571428571428337e-01
6.220628560000000107e+02 5.642857142857142794e-01
6.224249760000000151e+02 5.657142857142857251e-01
6.256285440000000335e+02 5.671428571428571708e-01
6.270354829999999993e+02 5.685714285714286165e-01
6.293585769999999684e+02 5.700000000000000622e-01
6.316762870000000021e+02 5.714285714285713969e-01
6.318855399999999918e+02 5.728571428571428426e-01
6.338974809999999707e+02 5.742857142857142883e-01
6.353394829999999729e+02 5.757142857142857340e-01
6.355137190000000373e+02 5.771428571428571797e-01
6.363601899999999887e+02 5.785714285714286254e-01
6.369032120000000532e+02 5.800000000000000711e-01
6.371653039999999919e+02 5.814285714285714057e-01
6.375807600000000548e+02 5.828571428571428514e-01
6.411337109999999484e+02 5.842857142857142971e-01
6.426893450000000030e+02 5.857142857142857428e-01
6.428514890000000150e+02 5.871428571428571885e-01
6.429231929999999693e+02 5.885714285714286342e-01
6.431717840000000024e+02 5.899999999999999689e-01
6.438600699999999506e+02 5.914285714285714146e-01
6.438742280000000164e+02 5.928571428571428603e-01
6.439379280000000563e+02 5.942857142857143060e-01
6.464571700000000192e+02 5.957142857142857517e-01
6.477613300000000436e+02 5.971428571428571974e-01
6.486105979999999818e+02 5.985714285714286431e-01
6.489510800000000472e+02 5.999999999999999778e-01
6.500055949999999712e+02 6.014285714285714235e-01
6.514746499999999969e+02 6.028571428571428692e-01
6.515316239999999652e+02 6.042857142857143149e-01
6.518436550000000125e+02 6.057142857142857606e-01
6.520857809999999972e+02 6.071428571428572063e-01
6.531108789999999544e+02 6.085714285714285410e-01
6.533119239999999763e+02 6.099999999999999867e-01
6.534066119999999955e+02 6.114285714285714324e-01
6.537331960000000208e+02 6.128571428571428781e-01
6.557667820000000347e+02 6.142857142857143238e-01
6.559193910000000187e+02 6.157142857142857695e-01
6.559904380000000401e+02 6.171428571428571042e-01
6.561727309999999989e+02 6.185714285714285499e-01
6.563575459999999566e+02 6.199999999999999956e-01
6.563980679999999666e+02 6.214285714285714413e-01
6.578982969999999568e+02 6.228571428571428870e-01
6.580777460000000474e+02 6.242857142857143327e-01
6.609420529999999872e+02 6.257142857142857784e-01
6.613938620000000128e+02 6.271428571428571130e-01
6.616198729999999841e+02 6.285714285714285587e-01
6.616549059999999827e+02 6.300000000000000044e-01
6.617584200000000010e+02 6.314285714285714501e-01
6.622927069999999503e+02 6.328571428571428958e-01
6.641804949999999508e+02 6.342857142857143415e-01
6.647212650000000167e+02 6.357142857142856762e-01
6.654186989999999469e+02 6.371428571428571219e-01
6.655285039999999981e+02 6.385714285714285676e-01
6.663632559999999785e+02 6.400000000000000133e-01
6.665635029999999688e+02 6.414285714285714590e-01
6.667961669999999685e+02 6.428571428571429047e-01
6.668618450000000166e+02 6.442857142857143504e-01
6.692921089999999822e+02 6.457142857142856851e-01
6.700256729999999834e+02 6.471428571428571308e-01
6.701813310000000001e+02 6.485714285714285765e-01
6.743891390000000001e+02 6.500000000000000222e-01
6.757557829999999512e+02 6.514285714285714679e-01
6.765719739999999547e+02 6.528571428571429136e-01
6.785311130000000048e+02 6.542857142857142483e-01
6.816025339999999915e+02 6.557142857142856940e-01
6.818344929999999522e+02 6.571428571428571397e-01
6.859430290000000241e+02 6.585714285714285854e-01
6.914408260000000155e+02 6.600000000000000311e-01
6.917346320000000333e+02 6.614285714285714768e-01
7.010423610000000281e+02 6.628571428571429225e-01
7.011557450000000244e+02 6.642857142857142572e-01
7.013454970000000230e+02 6.657142857142857029e-01
7.232567460000000210e+02 6.671428571428571486e-01
7.263151360000000523e+02 6.685714285714285943e-01
7.265738099999999804e+02 6.700000000000000400e-01
7.396449460000000045e+02 6.714285714285714857e-01
7.414913490000000138e+02 6.728571428571428203e-01
7.415672220000000152e+02 6.742857142857142660e-01
7.429515850000000228e+02 6.757142857142857117e-01
7.444073809999999867e+02 6.771428571428571574e-01
7.463930739999999560e+02 6.785714285714286031e-01
7.470261709999999766e+02 6.800000000000000488e-01
7.484998140000000149e+02 6.814285714285714946e-01
7.492999399999999923e+02 6.828571428571428292e-01
7.511777879999999641e+02 6.842857142857142749e-01
7.512225529999999480e+02 6.857142857142857206e-01
7.541739890000000059e+02 6.871428571428571663e-01
7.554573560000000043e+02 6.885714285714286120e-01
7.565231800000000248e+02 6.900000000000000577e-01
7.568294349999999895e+02 6.914285714285713924e-01
7.612761880000000474e+02 6.928571428571428381e-01
7.613960270000000037e+02 6.942857142857142838e-01
7.616806370000000470e+02 6.957142857142857295e-01
7.628830819999999449e+02 6.971428571428571752e-01
7.638628220000000510e+02 6.985714285714286209e-01
7.647211270000000241e+02 7.000000000000000666e-01
7.648486820000000534e+02 7.014285714285714013e-01
7.648843900000000531e+02 7.028571428571428470e-01
7.650703750000000127e+02 7.042857142857142927e-01
7.650843680000000404e+02 7.057142857142857384e-01
7.655743959999999788e+02 7.071428571428571841e-01
7.661552980000000161e+02 7.085714285714286298e-01
7.662365919999999733e+02 7.099999999999999645e-01
7.664180169999999634e+02 7.114285714285714102e-01
7.668953569999999900e+02 7.128571428571428559e-01
7.671076520000000301e+02 7.142857142857143016e-01
7.671511020000000372e+02 7.157142857142857473e-01
7.673719549999999572e+02 7.171428571428571930e-01
7.679811969999999519e+02 7.185714285714286387e-01
7.689449339999999893e+02 7.199999999999999734e-01
7.698095839999999725e+02 7.214285714285714191e-01
7.699155389999999670e+02 7.228571428571428648e-01
7.703231349999999793e+02 7.242857142857143105e-01
7.709160530000000335e+02 7.257142857142857562e-01
7.711832379999999603e+02 7.271428571428572019e-01
7.712347049999999626e+02 7.285714285714285365e-01
7.713136279999999942e+02 7.299999999999999822e-01
7.718777430000000095e+02 7.314285714285714279e-01
7.722602630000000090e+02 7.328571428571428736e-01
7.725108669999999620e+02 7.342857142857143193e-01
7.730232859999999846e+02 7.357142857142857650e-01
7.734136260000000220e+02 7.371428571428572107e-01
7.734436439999999493e+02 7.385714285714285454e-01
7.739288749999999482e+02 7.399999999999999911e-01
7.740832080000000133e+02 7.414285714285714368e-01
7.746688440000000355e+02 7.428571428571428825e-01
7.750743740000000344e+02 7.442857142857143282e-01
7.760918789999999490e+02 7.457142857142857739e-01
7.761102959999999484e+02 7.471428571428571086e-01
7.761335219999999708e+02 7.485714285714285543e-01
7.762627119999999650e+02 7.500000000000000000e-01
7.764167899999999918e+02 7.514285714285714457e-01
7.770975839999999835e+02 7.528571428571428914e-01
7.782290480000000343e+02 7.542857142857143371e-01
7.792229069999999638e+02 7.557142857142857828e-01
7.793343409999999949e+02 7.571428571428571175e-01
7.793400470000000269e+02 7.585714285714285632e-01
7.797439910000000509e+02 7.600000000000000089e-01
7.798666510000000471e+02 7.614285714285714546e-01
7.799818030000000135e+02 7.628571428571429003e-01
7.799943950000000541e+02 7.642857142857143460e-01
7.802381500000000187e+02 7.657142857142856807e-01
7.802461829999999736e+02 7.671428571428571264e-01
7.804638220000000501e+02 7.685714285714285721e-01
7.812021019999999680e+02 7.700000000000000178e-01
7.813200199999999995e+02 7.714285714285714635e-01
7.813730409999999438e+02 7.728571428571429092e-01
7.813856220000000121e+02 7.742857142857143549e-01
7.814324400000000423e+02 7.757142857142856895e-01
7.819952789999999823e+02 7.771428571428571352e-01
7.820266679999999724e+02 7.785714285714285809e-01
7.821991799999999557e+02 7.800000000000000266e-01
7.826557090000000017e+02 7.814285714285714723e-01
7.829433579999999893e+02 7.828571428571429180e-01
7.830811479999999847e+02 7.842857142857142527e-01
7.830992989999999736e+02 7.857142857142856984e-01
7.849807499999999436e+02 7.871428571428571441e-01
7.855164929999999686e+02 7.885714285714285898e-01
7.862630900000000338e+02 7.900000000000000355e-01
7.862909540000000561e+02 7.914285714285714812e-01
7.863586350000000493e+02 7.928571428571429269e-01
7.863618450000000166e+02 7.942857142857142616e-01
7.865244350000000395e+02 7.957142857142857073e-01
7.866479849999999487e+02 7.971428571428571530e-01
7.868876070000000027e+02 7.985714285714285987e-01
7.877941240000000107e+02 8.000000000000000444e-01
7.877957930000000033e+02 8.014285714285714901e-01
7.878086120000000392e+02 8.028571428571428248e-01
7.887806359999999586e+02 8.042857142857142705e-01
7.890295859999999948e+02 8.057142857142857162e-01
7.895482990000000427e+02 8.071428571428571619e-01
7.895775419999999940e+02 8.085714285714286076e-01
7.895797380000000203e+02 8.100000000000000533e-01
7.900146849999999858e+02 8.114285714285714990e-01
7.906736720000000105e+02 8.128571428571428337e-01
7.909123919999999544e+02 8.142857142857142794e-01
7.911737030000000459e+02 8.157142857142857251e-01
7.913166639999999461e+02 8.171428571428571708e-01
7.913454440000000432e+02 8.185714285714286165e-01
7.919585869999999659e+02 8.200000000000000622e-01
7.939871900000000551e+02 8.214285714285713969e-01
7.942146910000000162e+02 8.228571428571428426e-01
7.942466150000000198e+02 8.242857142857142883e-01
7.943078480000000354e+02 8.257142857142857340e-01
7.945409110000000510e+02 8.271428571428571797e-01
7.947729379999999537e+02 8.285714285714286254e-01
7.950442729999999756e+02 8.300000000000000711e-01
7.951319379999999910e+02 8.314285714285714057e-01
7.952108859999999595e+02 8.328571428571428514e-01
7.952245080000000144e+02 8.342857142857142971e-01
7.960262579999999843e+02 8.357142857142857428e-01
7.961250350000000253e+02 8.371428571428571885e-01
7.961501879999999574e+02 8.385714285714286342e-01
7.963019480000000385e+02 8.399999999999999689e-01
7.963283310000000483e+02 8.414285714285714146e-01
7.965478910000000496e+02 8.428571428571428603e-01
7.969244889999999941e+02 8.442857142857143060e-01
7.971669900000000553e+02 8.457142857142857517e-01
7.984070649999999887e+02 8.471428571428571974e-01
7.985132599999999456e+02 8.485714285714286431e-01
7.988314149999999927e+02 8.499999999999999778e-01
7.988719569999999521e+02 8.514285714285714235e-01
7.989210299999999734e+02 8.528571428571428692e-01
7.992026049999999486e+02 8.542857142857143149e-01
7.992872579999999516e+02 8.557142857142857606e-01
7.992924480000000358e+02 8.571428571428572063e-01
7.993547210000000405e+02 8.585714285714285410e-01
7.993961610000000064e+02 8.599999999999999867e-01
7.994610599999999749e+02 8.614285714285714324e-01
7.996949640000000272e+02 8.628571428571428781e-01
7.999776679999999942e+02 8.642857142857143238e-01
8.001603029999999990e+02 8.657142857142857695e-01
8.002928160000000162e+02 8.671428571428571042e-01
8.011910030000000233e+02 8.685714285714285499e-01
8.011986339999999700e+02 8.699999999999999956e-01
8.013154200000000174e+02 8.714285714285714413e-01
8.013576160000000073e+02 8.728571428571428870e-01
8.016441810000000032e+02 8.742857142857143327e-01
8.024101600000000190e+02 8.757142857142857784e-01
8.024861459999999624e+02 8.771428571428571130e-01
8.030961539999999559e+02 8.785714285714285587e-01
8.034218449999999621e+02 8.800000000000000044e-01
8.036739760000000388e+02 8.814285714285714501e-01
8.037589679999999817e+02 8.828571428571428958e-01
8.039615089999999782e+02 8.842857142857143415e-01
8.040383669999999938e+02 8.857142857142856762e-01
8.041608999999999696e+02 8.871428571428571219e-01
8.043815799999999854e+02 8.885714285714285676e-01
8.045178260000000137e+02 8.900000000000000133e-01
8.045284339999999474e+02 8.914285714285714590e-01
8.046442759999999907e+02 8.928571428571429047e-01
8.050333070000000362e+02 8.942857142857143504e-01
8.050475639999999657e+02 8.957142857142856851e-01
8.052913300000000163e+02 8.971428571428571308e-01
8.069362079999999651e+02 8.985714285714285765e-01
8.079428560000000061e+02 9.000000000000000222e-01
8.097177080000000160e+02 9.014285714285714679e-01
8.110547550000000001e+02 9.028571428571429136e-01
8.118921719999999596e+02 9.042857142857142483e-01
8.132704810000000180e+02 9.057142857142856940e-01
8.138920100000000275e+02 9.071428571428571397e-01
8.139741520000000037e+02 9.085714285714285854e-01
8.140988529999999628e+02 9.100000000000000311e-01
8.143721209999999928e+02 9.114285714285714768e-01
8.144268329999999878e+02 9.128571428571429225e-01
8.144964740000000347e+02 9.142857142857142572e-01
8.145186710000000403e+02 9.157142857142857029e-01
8.146466030000000274e+02 9.171428571428571486e-01
8.149754500000000235e+02 9.185714285714285943e-01
8.153042980000000171e+02 9.200000000000000400e-01
8.156888770000000477e+02 9.214285714285714857e-01
8.159907819999999674e+02 9.228571428571428203e-01
8.165127589999999600e+02 9.242857142857142660e-01
8.177268860000000359e+02 9.257142857142857117e-01
8.182438650000000280e+02 9.271428571428571574e-01
8.188635590000000093e+02 9.285714285714286031e-01
8.191508499999999913e+02 9.300000000000000488e-01
8.202521520000000237e+02 9.314285714285714946e-01
8.214536180000000058e+02 9.328571428571428292e-01
8.236003480000000536e+02 9.342857142857142749e-01
8.246665440000000444e+02 9.357142857142857206e-01
8.262838179999999966e+02 9.371428571428571663e-01
8.269868950000000041e+02 9.385714285714286120e-01
8.294956630000000359e+02 9.400000000000000577e-01
8.318511200000000372e+02 9.414285714285713924e-01
8.320556100000000015e+02 9.428571428571428381e-01
8.330605990000000247e+02 9.442857142857142838e-01
8.345595049999999446e+02 9.457142857142857295e-01
8.350593079999999873e+02 9.471428571428571752e-01
8.355811370000000124e+02 9.485714285714286209e-01
8.368793120000000272e+02 9.500000000000000666e-01
8.379905939999999873e+02 9.514285714285714013e-01
8.391030580000000327e+02 9.528571428571428470e-01
8.391790069999999560e+02 9.542857142857142927e-01
8.420822779999999739e+02 9.557142857142857384e-01
8.445310590000000275e+02 9.571428571428571841e-01
8.449778790000000299e+02 9.585714285714286298e-01
8.507700919999999769e+02 9.599999999999999645e-01
8.541735429999999951e+02 9.614285714285714102e-01
8.564901419999999916e+02 9.628571428571428559e-01
8.644971319999999650e+02 9.642857142857143016e-01
8.666438859999999522e+02 9.657142857142857473e-01
8.701963329999999814e+02 9.671428571428571930e-01
8.702947960000000194e+02 9.685714285714286387e-01
8.712260830000000169e+02 9.699999999999999734e-01
8.715048060000000305e+02 9.714285714285714191e-01
8.721191880000000083e+02 9.728571428571428648e-01
8.810781009999999469e+02 9.742857142857143105e-01
8.833709850000000188e+02 9.757142857142857562e-01
8.852825269999999591e+02 9.771428571428572019e-01
8.941361620000000130e+02 9.785714285714285365e-01
8.963009429999999611e+02 9.799999999999999822e-01
9.001591710000000148e+02 9.814285714285714279e-01
9.097393510000000560e+02 9.828571428571428736e-01
9.107312160000000176e+02 9.842857142857143193e-01
9.163512869999999566e+02 9.857142857142857650e-01
9.197598319999999603e+02 9.871428571428572107e-01
9.361278109999999515e+02 9.885714285714285454e-01
9.441656890000000431e+02 9.899999999999999911e-01
9.462748440000000301e+02 9.914285714285714368e-01
9.531176609999999982e+02 9.928571428571428825e-01
1.000000000000000000e+03 9.942857142857143282e-01
1.000863614910000024e+03 9.957142857142857739e-01
1.024835123000000067e+03 9.971428571428571086e-01
1.034855954000000111e+03 9.985714285714285543e-01
1.343626181999999972e+03 1.000000000000000000e+00
