x    y
-inf 0.000000000000000000e+00
1.393606859999999870e+02 2.000000000000000042e-03
1.432384859999999946e+02 4.000000000000000083e-03
1.434199110000000132e+02 6.000000000000000125e-03
1.485309349999999995e+02 8.000000000000000167e-03
1.496388939999999934e+02 1.000000000000000021e-02
1.593798960000000022e+02 1.200000000000000025e-02
1.606056499999999971e+02 1.400000000000000029e-02
1.607814679999999896e+02 1.600000000000000033e-02
1.740145960000000116e+02 1.800000000000000211e-02
1.755995269999999948e+02 2.000000000000000389e-02
1.761958740000000034e+02 2.199999999999999872e-02
1.772406249999999943e+02 2.400000000000000050e-02
1.800719589999999926e+02 2.600000000000000228e-02
1.840628629999999930e+02 2.800000000000000405e-02
1.852339780000000076e+02 2.999999999999999889e-02
1.853944439999999929e+02 3.200000000000000067e-02
1.859534510000000012e+02 3.400000000000000244e-02
1.872201230000000010e+02 3.600000000000000422e-02
1.875790920000000028e+02 3.800000000000000600e-02
1.878007120000000043e+02 4.000000000000000083e-02
1.885573620000000119e+02 4.200000000000000261e-02
1.900759879999999953e+02 4.400000000000000439e-02
1.901462370000000135e+02 4.599999999999999922e-02
1.911939230000000123e+02 4.800000000000000100e-02
1.942966610000000003e+02 5.000000000000000278e-02
1.943339740000000120e+02 5.200000000000000455e-02
1.953892060000000015e+02 5.400000000000000633e-02
1.959966479999999933e+02 5.600000000000000117e-02
1.963290419999999870e+02 5.800000000000000294e-02
1.966673289999999952e+02 6.000000000000000472e-02
1.968078490000000045e+02 6.199999999999999956e-02
1.974347199999999987e+02 6.400000000000000133e-02
1.987599270000000047e+02 6.600000000000000311e-02
1.988180360000000064e+02 6.800000000000000488e-02
1.996751549999999895e+02 7.000000000000000666e-02
1.997706440000000043e+02 7.200000000000000844e-02
2.000805929999999933e+02 7.400000000000001021e-02
2.008500410000000045e+02 7.599999999999999811e-02
2.010869720000000029e+02 7.799999999999999989e-02
2.013039789999999982e+02 8.000000000000000167e-02
2.015022720000000049e+02 8.200000000000000344e-02
2.019715439999999944e+02 8.400000000000000522e-02
2.019787579999999991e+02 8.600000000000000699e-02
2.022657660000000135e+02 8.800000000000000877e-02
2.032096750000000043e+02 8.999999999999999667e-02
2.034134970000000067e+02 9.199999999999999845e-02
2.034260879999999929e+02 9.400000000000000022e-02
2.036848599999999863e+02 9.600000000000000200e-02
2.037562159999999949e+02 9.800000000000000377e-02
2.037587780000000066e+02 1.000000000000000056e-01
2.038059680000000071e+02 1.020000000000000073e-01
2.039002659999999878e+02 1.040000000000000091e-01
2.039097610000000032e+02 1.060000000000000109e-01
2.039974379999999883e+02 1.079999999999999988e-01
2.040448920000000044e+02 1.100000000000000006e-01
2.040748120000000085e+02 1.120000000000000023e-01
2.040810899999999890e+02 1.140000000000000041e-01
2.041604529999999897e+02 1.160000000000000059e-01
2.041630059999999958e+02 1.180000000000000077e-01
2.043866120000000137e+02 1.200000000000000094e-01
2.044078609999999969e+02 1.219999999999999973e-01
2.044396240000000091e+02 1.239999999999999991e-01
2.044429599999999994e+02 1.260000000000000009e-01
2.045712340000000040e+02 1.280000000000000027e-01
2.046385310000000004e+02 1.300000000000000044e-01
2.057253420000000119e+02 1.320000000000000062e-01
2.068173549999999921e+02 1.340000000000000080e-01
2.084056099999999958e+02 1.360000000000000098e-01
2.085299929999999904e+02 1.380000000000000115e-01
2.086254250000000070e+02 1.400000000000000133e-01
2.090849880000000098e+02 1.420000000000000151e-01
2.096692779999999914e+02 1.440000000000000169e-01
2.097088489999999865e+02 1.460000000000000187e-01
2.100277910000000077e+02 1.479999999999999927e-01
2.101473009999999988e+02 1.499999999999999944e-01
2.102322149999999965e+02 1.519999999999999962e-01
2.102807830000000138e+02 1.539999999999999980e-01
2.109083320000000015e+02 1.559999999999999998e-01
2.112703060000000050e+02 1.580000000000000016e-01
2.117339020000000005e+02 1.600000000000000033e-01
2.118554090000000087e+02 1.620000000000000051e-01
2.119819270000000131e+02 1.640000000000000069e-01
2.123154749999999922e+02 1.660000000000000087e-01
2.123205749999999910e+02 1.680000000000000104e-01
2.123993849999999952e+02 1.700000000000000122e-01
2.131456970000000126e+02 1.720000000000000140e-01
2.134339630000000056e+02 1.740000000000000158e-01
2.138210149999999885e+02 1.760000000000000175e-01
2.139432850000000030e+02 1.779999999999999916e-01
2.139673099999999977e+02 1.799999999999999933e-01
2.139987659999999892e+02 1.819999999999999951e-01
2.140191189999999892e+02 1.839999999999999969e-01
2.140645509999999945e+02 1.859999999999999987e-01
2.142483410000000106e+02 1.880000000000000004e-01
2.143163790000000120e+02 1.900000000000000022e-01
2.143998799999999960e+02 1.920000000000000040e-01
2.144042780000000050e+02 1.940000000000000058e-01
2.155021639999999934e+02 1.960000000000000075e-01
2.157311709999999891e+02 1.980000000000000093e-01
2.158804440000000113e+02 2.000000000000000111e-01
2.160433020000000113e+02 2.020000000000000129e-01
2.163221550000000093e+02 2.040000000000000147e-01
2.170779330000000016e+02 2.060000000000000164e-01
2.171642109999999946e+02 2.080000000000000182e-01
2.179941819999999950e+02 2.100000000000000200e-01
2.180180060000000140e+02 2.119999999999999940e-01
2.185450130000000115e+02 2.139999999999999958e-01
2.187992260000000044e+02 2.159999999999999976e-01
2.192096490000000131e+02 2.179999999999999993e-01
2.192611919999999941e+02 2.200000000000000011e-01
2.194219689999999900e+02 2.220000000000000029e-01
2.195155599999999936e+02 2.240000000000000047e-01
2.195480949999999893e+02 2.260000000000000064e-01
2.195978029999999990e+02 2.280000000000000082e-01
2.196172520000000077e+02 2.300000000000000100e-01
2.196518450000000087e+02 2.320000000000000118e-01
2.197524479999999869e+02 2.340000000000000135e-01
2.202408670000000086e+02 2.360000000000000153e-01
2.204748659999999916e+02 2.380000000000000171e-01
2.205150629999999978e+02 2.400000000000000189e-01
2.207588709999999992e+02 2.419999999999999929e-01
2.210537050000000079e+02 2.439999999999999947e-01
2.211009789999999953e+02 2.459999999999999964e-01
2.211284330000000011e+02 2.479999999999999982e-01
2.216516650000000084e+02 2.500000000000000000e-01
2.216611269999999934e+02 2.520000000000000018e-01
2.217779150000000072e+02 2.540000000000000036e-01
2.218537359999999978e+02 2.560000000000000053e-01
2.218936919999999873e+02 2.580000000000000071e-01
2.224286040000000071e+02 2.600000000000000089e-01
2.224557360000000017e+02 2.620000000000000107e-01
2.224692609999999888e+02 2.640000000000000124e-01
2.226623679999999865e+02 2.660000000000000142e-01
2.227805150000000083e+02 2.680000000000000160e-01
2.228822189999999921e+02 2.700000000000000178e-01
2.229265300000000138e+02 2.720000000000000195e-01
2.230977589999999964e+02 2.740000000000000213e-01
2.231921309999999892e+02 2.760000000000000231e-01
2.232535770000000070e+02 2.780000000000000249e-01
2.233275020000000097e+02 2.800000000000000266e-01
2.234032569999999964e+02 2.820000000000000284e-01
2.235696560000000090e+02 2.840000000000000302e-01
2.236633750000000020e+02 2.860000000000000320e-01
2.238852300000000071e+02 2.880000000000000338e-01
2.241266740000000084e+02 2.900000000000000355e-01
2.248098119999999938e+02 2.919999999999999818e-01
2.252839810000000114e+02 2.939999999999999836e-01
2.256334459999999922e+02 2.959999999999999853e-01
2.258776709999999923e+02 2.979999999999999871e-01
2.260120330000000024e+02 2.999999999999999889e-01
2.263195080000000132e+02 3.019999999999999907e-01
2.263900170000000003e+02 3.039999999999999925e-01
2.263947949999999878e+02 3.059999999999999942e-01
2.265000170000000139e+02 3.079999999999999960e-01
2.266646749999999884e+02 3.099999999999999978e-01
2.266716289999999958e+02 3.119999999999999996e-01
2.267357489999999984e+02 3.140000000000000013e-01
2.269825930000000085e+02 3.160000000000000031e-01
2.277353899999999953e+02 3.180000000000000049e-01
2.277446830000000091e+02 3.200000000000000067e-01
2.278020520000000033e+02 3.220000000000000084e-01
2.279413069999999948e+02 3.240000000000000102e-01
2.283432039999999859e+02 3.260000000000000120e-01
2.293138179999999977e+02 3.280000000000000138e-01
2.297341499999999996e+02 3.300000000000000155e-01
2.297637599999999907e+02 3.320000000000000173e-01
2.300056209999999908e+02 3.340000000000000191e-01
2.303352109999999868e+02 3.360000000000000209e-01
2.305771149999999921e+02 3.380000000000000226e-01
2.305872730000000104e+02 3.400000000000000244e-01
2.308631750000000125e+02 3.420000000000000262e-01
2.308993299999999920e+02 3.440000000000000280e-01
2.309318350000000066e+02 3.460000000000000298e-01
2.309670000000000130e+02 3.480000000000000315e-01
2.310421949999999924e+02 3.500000000000000333e-01
2.314052979999999877e+02 3.520000000000000351e-01
2.314623029999999915e+02 3.539999999999999813e-01
2.314911920000000123e+02 3.559999999999999831e-01
2.317354599999999891e+02 3.579999999999999849e-01
2.317617089999999962e+02 3.599999999999999867e-01
2.319388050000000021e+02 3.619999999999999885e-01
2.322940810000000056e+02 3.639999999999999902e-01
2.323417770000000075e+02 3.659999999999999920e-01
2.323567390000000046e+02 3.679999999999999938e-01
2.328341619999999921e+02 3.699999999999999956e-01
2.329408720000000130e+02 3.719999999999999973e-01
2.336832220000000007e+02 3.739999999999999991e-01
2.337372709999999927e+02 3.760000000000000009e-01
2.343936469999999872e+02 3.780000000000000027e-01
2.345203140000000133e+02 3.800000000000000044e-01
2.345584039999999959e+02 3.820000000000000062e-01
2.347027760000000001e+02 3.840000000000000080e-01
2.347374680000000069e+02 3.860000000000000098e-01
2.347699149999999975e+02 3.880000000000000115e-01
2.351859279999999899e+02 3.900000000000000133e-01
2.351869090000000142e+02 3.920000000000000151e-01
2.354318289999999934e+02 3.940000000000000169e-01
2.355715120000000127e+02 3.960000000000000187e-01
2.359128420000000119e+02 3.980000000000000204e-01
2.359659299999999860e+02 4.000000000000000222e-01
2.360989629999999977e+02 4.020000000000000240e-01
2.362225060000000099e+02 4.040000000000000258e-01
2.363239409999999907e+02 4.060000000000000275e-01
2.363418210000000101e+02 4.080000000000000293e-01
2.369133649999999989e+02 4.100000000000000311e-01
2.369576279999999997e+02 4.120000000000000329e-01
2.372540899999999908e+02 4.140000000000000346e-01
2.375352469999999983e+02 4.160000000000000364e-01
2.376485350000000096e+02 4.180000000000000382e-01
2.379041310000000067e+02 4.199999999999999845e-01
2.381145610000000090e+02 4.219999999999999862e-01
2.382485110000000077e+02 4.239999999999999880e-01
2.384576150000000041e+02 4.259999999999999898e-01
2.385661010000000033e+02 4.279999999999999916e-01
2.386496099999999956e+02 4.299999999999999933e-01
2.387276990000000012e+02 4.319999999999999951e-01
2.387337819999999908e+02 4.339999999999999969e-01
2.387598959999999977e+02 4.359999999999999987e-01
2.388000270000000000e+02 4.380000000000000004e-01
2.392776690000000031e+02 4.400000000000000022e-01
2.395160899999999913e+02 4.420000000000000040e-01
2.396451189999999940e+02 4.440000000000000058e-01
2.399871640000000070e+02 4.460000000000000075e-01
2.402032140000000027e+02 4.480000000000000093e-01
2.402240170000000035e+02 4.500000000000000111e-01
2.406509509999999921e+02 4.520000000000000129e-01
2.414278710000000103e+02 4.540000000000000147e-01
2.425006919999999866e+02 4.560000000000000164e-01
2.425346330000000137e+02 4.580000000000000182e-01
2.429234779999999887e+02 4.600000000000000200e-01
2.432902840000000140e+02 4.620000000000000218e-01
2.432927029999999888e+02 4.640000000000000235e-01
2.435873100000000022e+02 4.660000000000000253e-01
2.437278359999999964e+02 4.680000000000000271e-01
2.438843929999999887e+02 4.700000000000000289e-01
2.439525519999999972e+02 4.720000000000000306e-01
2.440662179999999921e+02 4.740000000000000324e-01
2.440732240000000104e+02 4.760000000000000342e-01
2.441971240000000023e+02 4.780000000000000360e-01
2.448787480000000016e+02 4.800000000000000377e-01
2.449127850000000137e+02 4.819999999999999840e-01
2.449950829999999939e+02 4.839999999999999858e-01
2.452720930000000124e+02 4.859999999999999876e-01
2.453105390000000057e+02 4.879999999999999893e-01
2.453145719999999983e+02 4.899999999999999911e-01
2.456685239999999908e+02 4.919999999999999929e-01
2.457713400000000092e+02 4.939999999999999947e-01
2.463312569999999937e+02 4.959999999999999964e-01
2.463397899999999936e+02 4.979999999999999982e-01
2.465947270000000060e+02 5.000000000000000000e-01
2.468431319999999971e+02 5.020000000000000018e-01
2.494180660000000103e+02 5.040000000000000036e-01
2.506229610000000037e+02 5.060000000000000053e-01
2.507710859999999968e+02 5.080000000000000071e-01
2.508318240000000117e+02 5.100000000000000089e-01
2.510013519999999971e+02 5.120000000000000107e-01
2.516744469999999865e+02 5.140000000000000124e-01
2.518613689999999963e+02 5.160000000000000142e-01
2.518681919999999934e+02 5.180000000000000160e-01
2.518775359999999921e+02 5.200000000000000178e-01
2.526635379999999884e+02 5.220000000000000195e-01
2.531829930000000104e+02 5.240000000000000213e-01
2.536988650000000121e+02 5.260000000000000231e-01
2.540302890000000104e+02 5.280000000000000249e-01
2.560835589999999797e+02 5.300000000000000266e-01
2.570792829999999753e+02 5.320000000000000284e-01
2.576126199999999926e+02 5.340000000000000302e-01
2.583190159999999764e+02 5.360000000000000320e-01
2.596116069999999922e+02 5.380000000000000338e-01
2.597445849999999723e+02 5.400000000000000355e-01
2.601538780000000202e+02 5.420000000000000373e-01
2.617463490000000093e+02 5.440000000000000391e-01
2.618810300000000097e+02 5.460000000000000409e-01
2.624267730000000256e+02 5.480000000000000426e-01
2.625012629999999945e+02 5.500000000000000444e-01
2.636385300000000029e+02 5.520000000000000462e-01
2.676527019999999766e+02 5.540000000000000480e-01
2.678401339999999777e+02 5.560000000000000497e-01
2.683874309999999923e+02 5.580000000000000515e-01
2.694773420000000215e+02 5.600000000000000533e-01
2.695038569999999822e+02 5.620000000000000551e-01
2.695302459999999769e+02 5.640000000000000568e-01
2.701930389999999989e+02 5.660000000000000586e-01
2.716545929999999771e+02 5.680000000000000604e-01
2.733417820000000233e+02 5.700000000000000622e-01
2.735141330000000153e+02 5.720000000000000639e-01
2.735406429999999887e+02 5.740000000000000657e-01
2.742715959999999882e+02 5.760000000000000675e-01
2.744786619999999857e+02 5.780000000000000693e-01
2.746700250000000096e+02 5.799999999999999600e-01
2.758377580000000080e+02 5.819999999999999618e-01
2.760570290000000000e+02 5.839999999999999636e-01
2.761416820000000030e+02 5.859999999999999654e-01
2.761776429999999891e+02 5.879999999999999671e-01
2.772030859999999848e+02 5.899999999999999689e-01
2.774017069999999876e+02 5.919999999999999707e-01
2.799823860000000195e+02 5.939999999999999725e-01
2.801644319999999766e+02 5.959999999999999742e-01
2.806027950000000146e+02 5.979999999999999760e-01
2.822033069999999952e+02 5.999999999999999778e-01
2.837808949999999868e+02 6.019999999999999796e-01
2.839400890000000004e+02 6.039999999999999813e-01
2.839485189999999761e+02 6.059999999999999831e-01
2.843501610000000142e+02 6.079999999999999849e-01
2.844646109999999908e+02 6.099999999999999867e-01
2.845778549999999996e+02 6.119999999999999885e-01
2.851627480000000219e+02 6.139999999999999902e-01
2.854035709999999995e+02 6.159999999999999920e-01
2.854916910000000030e+02 6.179999999999999938e-01
2.884757860000000278e+02 6.199999999999999956e-01
2.885332619999999793e+02 6.219999999999999973e-01
2.892441460000000006e+02 6.239999999999999991e-01
2.894509150000000091e+02 6.260000000000000009e-01
2.904872619999999870e+02 6.280000000000000027e-01
2.905472169999999892e+02 6.300000000000000044e-01
2.905672710000000052e+02 6.320000000000000062e-01
2.916746660000000020e+02 6.340000000000000080e-01
2.917212680000000091e+02 6.360000000000000098e-01
2.918565720000000283e+02 6.380000000000000115e-01
2.920561779999999885e+02 6.400000000000000133e-01
2.921679990000000089e+02 6.420000000000000151e-01
2.922187309999999911e+02 6.440000000000000169e-01
2.922767029999999977e+02 6.460000000000000187e-01
2.924268460000000118e+02 6.480000000000000204e-01
2.925932770000000005e+02 6.500000000000000222e-01
2.949840889999999831e+02 6.520000000000000240e-01
2.955042300000000068e+02 6.540000000000000258e-01
2.957902669999999716e+02 6.560000000000000275e-01
2.959382630000000063e+02 6.580000000000000293e-01
2.960067260000000147e+02 6.600000000000000311e-01
2.962397849999999835e+02 6.620000000000000329e-01
2.964817649999999958e+02 6.640000000000000346e-01
2.965570660000000203e+02 6.660000000000000364e-01
2.965914000000000215e+02 6.680000000000000382e-01
2.965919499999999971e+02 6.700000000000000400e-01
2.972862880000000132e+02 6.720000000000000417e-01
2.973171689999999785e+02 6.740000000000000435e-01
2.975137500000000159e+02 6.760000000000000453e-01
2.982776380000000245e+02 6.780000000000000471e-01
2.984860469999999850e+02 6.800000000000000488e-01
2.990486419999999725e+02 6.820000000000000506e-01
2.992609739999999761e+02 6.840000000000000524e-01
2.994060569999999757e+02 6.860000000000000542e-01
2.994260330000000181e+02 6.880000000000000560e-01
2.995615829999999846e+02 6.900000000000000577e-01
2.997177360000000022e+02 6.920000000000000595e-01
3.000059229999999957e+02 6.940000000000000613e-01
3.003267809999999827e+02 6.960000000000000631e-01
3.011898219999999924e+02 6.980000000000000648e-01
3.012275539999999978e+02 7.000000000000000666e-01
3.015819999999999936e+02 7.020000000000000684e-01
3.031779329999999959e+02 7.040000000000000702e-01
3.033538520000000176e+02 7.059999999999999609e-01
3.034452979999999798e+02 7.079999999999999627e-01
3.035245039999999790e+02 7.099999999999999645e-01
3.049489029999999730e+02 7.119999999999999662e-01
3.052024170000000254e+02 7.139999999999999680e-01
3.059577039999999784e+02 7.159999999999999698e-01
3.060668949999999882e+02 7.179999999999999716e-01
3.068644130000000132e+02 7.199999999999999734e-01
3.071499329999999759e+02 7.219999999999999751e-01
3.073055009999999925e+02 7.239999999999999769e-01
3.082902869999999780e+02 7.259999999999999787e-01
3.084166280000000029e+02 7.279999999999999805e-01
3.087407820000000243e+02 7.299999999999999822e-01
3.092368720000000053e+02 7.319999999999999840e-01
3.096045030000000224e+02 7.339999999999999858e-01
3.108336509999999748e+02 7.359999999999999876e-01
3.115160470000000146e+02 7.379999999999999893e-01
3.121384380000000078e+02 7.399999999999999911e-01
3.121543340000000057e+02 7.419999999999999929e-01
3.121667150000000106e+02 7.439999999999999947e-01
3.122218250000000239e+02 7.459999999999999964e-01
3.122501700000000255e+02 7.479999999999999982e-01
3.132761540000000196e+02 7.500000000000000000e-01
3.133329459999999926e+02 7.520000000000000018e-01
3.139245339999999942e+02 7.540000000000000036e-01
3.139350319999999783e+02 7.560000000000000053e-01
3.140519699999999830e+02 7.580000000000000071e-01
3.140813759999999775e+02 7.600000000000000089e-01
3.143276250000000118e+02 7.620000000000000107e-01
3.144564389999999889e+02 7.640000000000000124e-01
3.145956479999999829e+02 7.660000000000000142e-01
3.147647749999999860e+02 7.680000000000000160e-01
3.152099660000000085e+02 7.700000000000000178e-01
3.152950020000000109e+02 7.720000000000000195e-01
3.155125859999999989e+02 7.740000000000000213e-01
3.155302869999999871e+02 7.760000000000000231e-01
3.155837970000000041e+02 7.780000000000000249e-01
3.156123109999999770e+02 7.800000000000000266e-01
3.162252750000000106e+02 7.820000000000000284e-01
3.163980419999999754e+02 7.840000000000000302e-01
3.165779120000000262e+02 7.860000000000000320e-01
3.175258529999999837e+02 7.880000000000000338e-01
3.179097300000000246e+02 7.900000000000000355e-01
3.192161540000000173e+02 7.920000000000000373e-01
3.192272619999999961e+02 7.940000000000000391e-01
3.193383309999999824e+02 7.960000000000000409e-01
3.197956389999999942e+02 7.980000000000000426e-01
3.201444379999999796e+02 8.000000000000000444e-01
3.202886300000000119e+02 8.020000000000000462e-01
3.203274819999999750e+02 8.040000000000000480e-01
3.204445590000000266e+02 8.060000000000000497e-01
3.205184679999999844e+02 8.080000000000000515e-01
3.205734310000000278e+02 8.100000000000000533e-01
3.208293320000000222e+02 8.120000000000000551e-01
3.210587160000000040e+02 8.140000000000000568e-01
3.223084059999999909e+02 8.160000000000000586e-01
3.235127420000000029e+02 8.180000000000000604e-01
3.247084839999999986e+02 8.200000000000000622e-01
3.253106819999999857e+02 8.220000000000000639e-01
3.255053229999999758e+02 8.240000000000000657e-01
3.259624880000000076e+02 8.260000000000000675e-01
3.262565890000000195e+02 8.280000000000000693e-01
3.262838380000000029e+02 8.300000000000000711e-01
3.265366839999999797e+02 8.320000000000000728e-01
3.269852250000000140e+02 8.340000000000000746e-01
3.282725369999999998e+02 8.359999999999999654e-01
3.290957159999999817e+02 8.379999999999999671e-01
3.293856850000000236e+02 8.399999999999999689e-01
3.310277419999999893e+02 8.419999999999999707e-01
3.321150690000000054e+02 8.439999999999999725e-01
3.326982130000000097e+02 8.459999999999999742e-01
3.327568939999999884e+02 8.479999999999999760e-01
3.335066029999999841e+02 8.499999999999999778e-01
3.337477860000000192e+02 8.519999999999999796e-01
3.366565770000000271e+02 8.539999999999999813e-01
3.403335250000000087e+02 8.559999999999999831e-01
3.410530249999999910e+02 8.579999999999999849e-01
3.426831789999999955e+02 8.599999999999999867e-01
3.436150410000000193e+02 8.619999999999999885e-01
3.441982350000000110e+02 8.639999999999999902e-01
3.446305570000000102e+02 8.659999999999999920e-01
3.471972569999999791e+02 8.679999999999999938e-01
3.492696040000000153e+02 8.699999999999999956e-01
3.534934420000000159e+02 8.719999999999999973e-01
3.535592750000000137e+02 8.739999999999999991e-01
3.593451769999999783e+02 8.760000000000000009e-01
3.651080690000000004e+02 8.780000000000000027e-01
3.651632309999999961e+02 8.800000000000000044e-01
3.695994759999999815e+02 8.820000000000000062e-01
3.704579650000000015e+02 8.840000000000000080e-01
3.717241740000000050e+02 8.860000000000000098e-01
3.721011280000000170e+02 8.880000000000000115e-01
3.725472550000000069e+02 8.900000000000000133e-01
3.726275729999999839e+02 8.920000000000000151e-01
3.734613219999999956e+02 8.940000000000000169e-01
3.736711500000000115e+02 8.960000000000000187e-01
3.745251559999999813e+02 8.980000000000000204e-01
3.748513060000000223e+02 9.000000000000000222e-01
3.778621110000000272e+02 9.020000000000000240e-01
3.781780439999999999e+02 9.040000000000000258e-01
3.784504699999999957e+02 9.060000000000000275e-01
3.785845049999999787e+02 9.080000000000000293e-01
3.793929219999999987e+02 9.100000000000000311e-01
3.819369040000000268e+02 9.120000000000000329e-01
3.823984179999999924e+02 9.140000000000000346e-01
3.830233099999999808e+02 9.160000000000000364e-01
3.848494170000000167e+02 9.180000000000000382e-01
3.854864769999999794e+02 9.200000000000000400e-01
3.864702510000000188e+02 9.220000000000000417e-01
3.870797079999999823e+02 9.240000000000000435e-01
3.876344550000000027e+02 9.260000000000000453e-01
3.887158749999999827e+02 9.280000000000000471e-01
3.888404380000000060e+02 9.300000000000000488e-01
3.908800120000000220e+02 9.320000000000000506e-01
3.957613699999999994e+02 9.340000000000000524e-01
3.961358250000000112e+02 9.360000000000000542e-01
3.962972589999999968e+02 9.380000000000000560e-01
3.973906660000000102e+02 9.400000000000000577e-01
3.974723319999999944e+02 9.420000000000000595e-01
3.975860379999999736e+02 9.440000000000000613e-01
3.984845429999999737e+02 9.460000000000000631e-01
3.991891009999999937e+02 9.480000000000000648e-01
4.046665540000000192e+02 9.500000000000000666e-01
4.056899080000000026e+02 9.520000000000000684e-01
4.073846970000000169e+02 9.540000000000000702e-01
4.125474919999999770e+02 9.560000000000000719e-01
4.128145160000000260e+02 9.580000000000000737e-01
4.136596400000000244e+02 9.600000000000000755e-01
4.149263659999999732e+02 9.619999999999999662e-01
4.170157899999999813e+02 9.639999999999999680e-01
4.176609579999999937e+02 9.659999999999999698e-01
4.200797709999999938e+02 9.679999999999999716e-01
4.214969520000000216e+02 9.699999999999999734e-01
4.225501360000000091e+02 9.719999999999999751e-01
4.256565420000000017e+02 9.739999999999999769e-01
4.291298449999999889e+02 9.759999999999999787e-01
4.316541980000000081e+02 9.779999999999999805e-01
4.358489799999999832e+02 9.799999999999999822e-01
4.424572089999999776e+02 9.819999999999999840e-01
4.428028239999999869e+02 9.839999999999999858e-01
4.469578639999999723e+02 9.859999999999999876e-01
4.501725519999999960e+02 9.879999999999999893e-01
4.541798489999999902e+02 9.899999999999999911e-01
4.648569860000000062e+02 9.919999999999999929e-01
5.018421270000000050e+02 9.939999999999999947e-01
5.107402099999999905e+02 9.959999999999999964e-01
5.418280660000000353e+02 9.979999999999999982e-01
7.089351809999999432e+02 1.000000000000000000e+00
