x    y
-inf 0.000000000000000000e+00
1.887992040000000031e+02 1.250000000000000026e-03
1.936804779999999937e+02 2.500000000000000052e-03
2.002502360000000010e+02 3.749999999999999861e-03
2.028059880000000135e+02 5.000000000000000104e-03
2.037404439999999965e+02 6.250000000000000347e-03
2.037866899999999930e+02 7.500000000000000590e-03
2.052658050000000003e+02 8.749999999999999098e-03
2.053922990000000084e+02 1.000000000000000021e-02
2.066960149999999885e+02 1.124999999999999958e-02
2.071875159999999880e+02 1.249999999999999896e-02
2.071903869999999870e+02 1.375000000000000007e-02
2.079018350000000055e+02 1.499999999999999944e-02
2.086682230000000118e+02 1.625000000000000056e-02
2.088193070000000091e+02 1.750000000000000167e-02
2.099207550000000140e+02 1.875000000000000278e-02
2.105447639999999865e+02 2.000000000000000042e-02
2.112765960000000121e+02 2.125000000000000153e-02
2.114158600000000092e+02 2.250000000000000264e-02
2.116235959999999920e+02 2.375000000000000028e-02
2.118038650000000018e+02 2.500000000000000139e-02
2.119409609999999873e+02 2.625000000000000250e-02
2.124075609999999870e+02 2.750000000000000014e-02
2.125537579999999878e+02 2.875000000000000125e-02
2.129703279999999950e+02 3.000000000000000236e-02
2.131736319999999978e+02 3.125000000000000000e-02
2.132280179999999916e+02 3.250000000000000111e-02
2.134239399999999875e+02 3.375000000000000222e-02
2.136504250000000127e+02 3.500000000000000333e-02
2.139965170000000114e+02 3.625000000000000444e-02
2.140376369999999895e+02 3.749999999999999861e-02
2.143285480000000121e+02 3.874999999999999972e-02
2.144539990000000103e+02 4.000000000000000083e-02
2.145897940000000119e+02 4.125000000000000194e-02
2.149466409999999996e+02 4.250000000000000305e-02
2.151401370000000099e+02 4.375000000000000416e-02
2.152018730000000062e+02 4.500000000000000527e-02
2.156905669999999873e+02 4.624999999999999944e-02
2.157644200000000012e+02 4.750000000000000056e-02
2.158679869999999994e+02 4.875000000000000167e-02
2.158731459999999913e+02 5.000000000000000278e-02
2.162995970000000057e+02 5.125000000000000389e-02
2.164446289999999919e+02 5.250000000000000500e-02
2.166855730000000051e+02 5.374999999999999917e-02
2.169267040000000009e+02 5.500000000000000028e-02
2.170596630000000005e+02 5.625000000000000139e-02
2.171432890000000100e+02 5.750000000000000250e-02
2.174419709999999952e+02 5.875000000000000361e-02
2.175858780000000081e+02 6.000000000000000472e-02
2.176415570000000059e+02 6.124999999999999889e-02
2.180675449999999955e+02 6.250000000000000000e-02
2.183128989999999874e+02 6.375000000000000111e-02
2.184138759999999877e+02 6.500000000000000222e-02
2.186022629999999936e+02 6.625000000000000333e-02
2.187295729999999878e+02 6.750000000000000444e-02
2.187334189999999978e+02 6.875000000000000555e-02
2.188712260000000072e+02 7.000000000000000666e-02
2.189706370000000106e+02 7.125000000000000777e-02
2.189772749999999917e+02 7.250000000000000888e-02
2.190558560000000057e+02 7.374999999999999611e-02
2.191838700000000131e+02 7.499999999999999722e-02
2.192535509999999874e+02 7.624999999999999833e-02
2.192598700000000065e+02 7.749999999999999944e-02
2.197955790000000036e+02 7.875000000000000056e-02
2.199217079999999953e+02 8.000000000000000167e-02
2.200648300000000006e+02 8.125000000000000278e-02
2.202454109999999901e+02 8.250000000000000389e-02
2.204621300000000019e+02 8.375000000000000500e-02
2.205392999999999972e+02 8.500000000000000611e-02
2.205426899999999932e+02 8.625000000000000722e-02
2.205825340000000097e+02 8.750000000000000833e-02
2.207740579999999966e+02 8.875000000000000944e-02
2.210000379999999893e+02 8.999999999999999667e-02
2.210605500000000063e+02 9.124999999999999778e-02
2.213157930000000135e+02 9.249999999999999889e-02
2.214105830000000026e+02 9.375000000000000000e-02
2.214820540000000051e+02 9.500000000000000111e-02
2.216264799999999866e+02 9.625000000000000222e-02
2.217444439999999872e+02 9.750000000000000333e-02
2.217573629999999980e+02 9.875000000000000444e-02
2.218042069999999910e+02 1.000000000000000056e-01
2.218979449999999929e+02 1.012500000000000067e-01
2.219289980000000071e+02 1.025000000000000078e-01
2.219313359999999875e+02 1.037500000000000089e-01
2.220652469999999994e+02 1.050000000000000100e-01
2.220753550000000018e+02 1.062499999999999972e-01
2.221185830000000010e+02 1.074999999999999983e-01
2.221219409999999925e+02 1.087499999999999994e-01
2.221458880000000136e+02 1.100000000000000006e-01
2.223350890000000106e+02 1.112500000000000017e-01
2.224468209999999999e+02 1.125000000000000028e-01
2.224554679999999962e+02 1.137500000000000039e-01
2.225421580000000006e+02 1.150000000000000050e-01
2.226118250000000103e+02 1.162500000000000061e-01
2.227816100000000006e+02 1.175000000000000072e-01
2.227930399999999906e+02 1.187500000000000083e-01
2.228357019999999977e+02 1.200000000000000094e-01
2.228651999999999873e+02 1.212499999999999967e-01
2.230192839999999990e+02 1.224999999999999978e-01
2.230970020000000034e+02 1.237499999999999989e-01
2.231154070000000047e+02 1.250000000000000000e-01
2.231267860000000098e+02 1.262500000000000011e-01
2.231391580000000090e+02 1.275000000000000022e-01
2.231819580000000087e+02 1.287500000000000033e-01
2.232193430000000092e+02 1.300000000000000044e-01
2.234594419999999957e+02 1.312500000000000056e-01
2.235686410000000137e+02 1.325000000000000067e-01
2.235699799999999868e+02 1.337500000000000078e-01
2.237133440000000064e+02 1.350000000000000089e-01
2.238566040000000044e+02 1.362500000000000100e-01
2.238988990000000001e+02 1.375000000000000111e-01
2.240333789999999965e+02 1.387500000000000122e-01
2.240803589999999872e+02 1.400000000000000133e-01
2.241604069999999922e+02 1.412500000000000144e-01
2.241654330000000073e+02 1.425000000000000155e-01
2.242133760000000109e+02 1.437500000000000167e-01
2.242685989999999947e+02 1.450000000000000178e-01
2.244562569999999937e+02 1.462499999999999911e-01
2.244823509999999942e+02 1.474999999999999922e-01
2.247335040000000106e+02 1.487499999999999933e-01
2.247434279999999944e+02 1.499999999999999944e-01
2.248244889999999998e+02 1.512499999999999956e-01
2.249878899999999931e+02 1.524999999999999967e-01
2.252957560000000115e+02 1.537499999999999978e-01
2.253245760000000075e+02 1.549999999999999989e-01
2.254823869999999886e+02 1.562500000000000000e-01
2.255477549999999951e+02 1.575000000000000011e-01
2.255503649999999993e+02 1.587500000000000022e-01
2.256204520000000002e+02 1.600000000000000033e-01
2.256339189999999917e+02 1.612500000000000044e-01
2.257960689999999886e+02 1.625000000000000056e-01
2.258040200000000084e+02 1.637500000000000067e-01
2.260393789999999967e+02 1.650000000000000078e-01
2.260568560000000105e+02 1.662500000000000089e-01
2.262353209999999990e+02 1.675000000000000100e-01
2.263113909999999862e+02 1.687500000000000111e-01
2.263185550000000035e+02 1.700000000000000122e-01
2.263768919999999980e+02 1.712500000000000133e-01
2.264568759999999941e+02 1.725000000000000144e-01
2.265098859999999945e+02 1.737500000000000155e-01
2.266132570000000044e+02 1.750000000000000167e-01
2.266828419999999937e+02 1.762500000000000178e-01
2.267135509999999954e+02 1.774999999999999911e-01
2.267793110000000070e+02 1.787499999999999922e-01
2.267829749999999933e+02 1.799999999999999933e-01
2.269449219999999912e+02 1.812499999999999944e-01
2.270746129999999994e+02 1.824999999999999956e-01
2.270995849999999905e+02 1.837499999999999967e-01
2.272167660000000069e+02 1.849999999999999978e-01
2.274227730000000065e+02 1.862499999999999989e-01
2.276942760000000021e+02 1.875000000000000000e-01
2.277432540000000074e+02 1.887500000000000011e-01
2.277776550000000100e+02 1.900000000000000022e-01
2.278194599999999923e+02 1.912500000000000033e-01
2.278972080000000062e+02 1.925000000000000044e-01
2.280352420000000109e+02 1.937500000000000056e-01
2.280505349999999964e+02 1.950000000000000067e-01
2.283040990000000079e+02 1.962500000000000078e-01
2.284580650000000048e+02 1.975000000000000089e-01
2.284605669999999975e+02 1.987500000000000100e-01
2.286737259999999878e+02 2.000000000000000111e-01
2.287067289999999957e+02 2.012500000000000122e-01
2.287538230000000112e+02 2.025000000000000133e-01
2.290321600000000046e+02 2.037500000000000144e-01
2.290636450000000082e+02 2.050000000000000155e-01
2.290920279999999991e+02 2.062500000000000167e-01
2.290927969999999902e+02 2.075000000000000178e-01
2.291952170000000137e+02 2.087500000000000189e-01
2.292648969999999906e+02 2.099999999999999922e-01
2.292823459999999898e+02 2.112499999999999933e-01
2.293111000000000104e+02 2.124999999999999944e-01
2.293746089999999924e+02 2.137499999999999956e-01
2.295203710000000115e+02 2.149999999999999967e-01
2.295643799999999999e+02 2.162499999999999978e-01
2.295914640000000020e+02 2.174999999999999989e-01
2.296962049999999920e+02 2.187500000000000000e-01
2.298809329999999989e+02 2.200000000000000011e-01
2.299626619999999946e+02 2.212500000000000022e-01
2.299862320000000011e+02 2.225000000000000033e-01
2.301714059999999904e+02 2.237500000000000044e-01
2.302067539999999894e+02 2.250000000000000056e-01
2.302332700000000045e+02 2.262500000000000067e-01
2.303302999999999940e+02 2.275000000000000078e-01
2.304792280000000062e+02 2.287500000000000089e-01
2.304908990000000131e+02 2.300000000000000100e-01
2.305922109999999918e+02 2.312500000000000111e-01
2.306240150000000142e+02 2.325000000000000122e-01
2.306269870000000139e+02 2.337500000000000133e-01
2.306660660000000007e+02 2.350000000000000144e-01
2.307088210000000004e+02 2.362500000000000155e-01
2.308597049999999911e+02 2.375000000000000167e-01
2.310976949999999874e+02 2.387500000000000178e-01
2.311064550000000111e+02 2.400000000000000189e-01
2.311851800000000026e+02 2.412499999999999922e-01
2.312761930000000064e+02 2.424999999999999933e-01
2.312789600000000121e+02 2.437499999999999944e-01
2.313732290000000091e+02 2.449999999999999956e-01
2.314943330000000117e+02 2.462499999999999967e-01
2.315851250000000050e+02 2.474999999999999978e-01
2.317388599999999883e+02 2.487499999999999989e-01
2.319319509999999980e+02 2.500000000000000000e-01
2.319498629999999935e+02 2.512499999999999734e-01
2.319982750000000067e+02 2.525000000000000022e-01
2.320471249999999941e+02 2.537499999999999756e-01
2.322297709999999995e+02 2.550000000000000044e-01
2.323916560000000118e+02 2.562499999999999778e-01
2.326115680000000054e+02 2.574999999999999512e-01
2.328325490000000002e+02 2.587499999999999800e-01
2.328670999999999935e+02 2.599999999999999534e-01
2.329575749999999914e+02 2.612499999999999822e-01
2.330170160000000124e+02 2.624999999999999556e-01
2.330304429999999911e+02 2.637499999999999845e-01
2.331027139999999918e+02 2.649999999999999578e-01
2.331342659999999967e+02 2.662499999999999867e-01
2.332058969999999931e+02 2.674999999999999600e-01
2.333651649999999904e+02 2.687499999999999889e-01
2.333814179999999965e+02 2.699999999999999623e-01
2.333873309999999890e+02 2.712499999999999911e-01
2.334066320000000019e+02 2.724999999999999645e-01
2.334827689999999905e+02 2.737499999999999933e-01
2.335617959999999869e+02 2.749999999999999667e-01
2.335739010000000064e+02 2.762499999999999956e-01
2.337351079999999968e+02 2.774999999999999689e-01
2.337644080000000031e+02 2.787499999999999978e-01
2.337866989999999987e+02 2.799999999999999711e-01
2.339060320000000104e+02 2.812500000000000000e-01
2.339217079999999953e+02 2.824999999999999734e-01
2.340241890000000069e+02 2.837500000000000022e-01
2.340875069999999880e+02 2.849999999999999756e-01
2.341361269999999877e+02 2.862500000000000044e-01
2.342521820000000048e+02 2.874999999999999778e-01
2.342580159999999978e+02 2.887500000000000067e-01
2.343809249999999906e+02 2.899999999999999800e-01
2.344031600000000140e+02 2.912499999999999534e-01
2.344618700000000047e+02 2.924999999999999822e-01
2.345240660000000048e+02 2.937499999999999556e-01
2.345274870000000078e+02 2.949999999999999845e-01
2.346438489999999888e+02 2.962499999999999578e-01
2.347220839999999953e+02 2.974999999999999867e-01
2.347342199999999934e+02 2.987499999999999600e-01
2.348292280000000005e+02 2.999999999999999889e-01
2.350636959999999931e+02 3.012499999999999623e-01
2.350876279999999952e+02 3.024999999999999911e-01
2.352362660000000005e+02 3.037499999999999645e-01
2.354013689999999883e+02 3.049999999999999933e-01
2.355204569999999933e+02 3.062499999999999667e-01
2.355243340000000103e+02 3.074999999999999956e-01
2.356196899999999914e+02 3.087499999999999689e-01
2.357220709999999997e+02 3.099999999999999978e-01
2.357425389999999936e+02 3.112499999999999711e-01
2.357724450000000047e+02 3.125000000000000000e-01
2.359130509999999958e+02 3.137499999999999734e-01
2.359387629999999945e+02 3.150000000000000022e-01
2.359618509999999958e+02 3.162499999999999756e-01
2.359789930000000027e+02 3.175000000000000044e-01
2.360915300000000059e+02 3.187499999999999778e-01
2.361288820000000044e+02 3.200000000000000067e-01
2.362913599999999974e+02 3.212499999999999800e-01
2.364201610000000073e+02 3.224999999999999534e-01
2.364446829999999977e+02 3.237499999999999822e-01
2.364893340000000137e+02 3.249999999999999556e-01
2.366086090000000013e+02 3.262499999999999845e-01
2.367488260000000082e+02 3.274999999999999578e-01
2.367639440000000093e+02 3.287499999999999867e-01
2.367883710000000121e+02 3.299999999999999600e-01
2.368867370000000108e+02 3.312499999999999889e-01
2.369289510000000121e+02 3.324999999999999623e-01
2.369920500000000061e+02 3.337499999999999911e-01
2.370284159999999929e+02 3.349999999999999645e-01
2.371937200000000132e+02 3.362499999999999933e-01
2.371988179999999886e+02 3.374999999999999667e-01
2.372305350000000033e+02 3.387499999999999956e-01
2.374926240000000064e+02 3.399999999999999689e-01
2.375699260000000095e+02 3.412499999999999978e-01
2.377666030000000035e+02 3.424999999999999711e-01
2.378736120000000085e+02 3.437500000000000000e-01
2.379215949999999964e+02 3.449999999999999734e-01
2.380431169999999952e+02 3.462500000000000022e-01
2.381241679999999974e+02 3.474999999999999756e-01
2.381511109999999860e+02 3.487500000000000044e-01
2.381839889999999968e+02 3.499999999999999778e-01
2.383661909999999864e+02 3.512500000000000067e-01
2.384405769999999904e+02 3.524999999999999800e-01
2.384519720000000120e+02 3.537499999999999534e-01
2.385866800000000012e+02 3.549999999999999822e-01
2.386216420000000085e+02 3.562499999999999556e-01
2.388989229999999964e+02 3.574999999999999845e-01
2.389091319999999996e+02 3.587499999999999578e-01
2.390985660000000053e+02 3.599999999999999867e-01
2.391760299999999972e+02 3.612499999999999600e-01
2.391775489999999991e+02 3.624999999999999889e-01
2.392512999999999863e+02 3.637499999999999623e-01
2.392832769999999982e+02 3.649999999999999911e-01
2.393090730000000121e+02 3.662499999999999645e-01
2.394198049999999967e+02 3.674999999999999933e-01
2.394886129999999866e+02 3.687499999999999667e-01
2.395148000000000081e+02 3.699999999999999956e-01
2.395686540000000093e+02 3.712499999999999689e-01
2.396079210000000046e+02 3.724999999999999978e-01
2.396369200000000035e+02 3.737499999999999711e-01
2.397392989999999884e+02 3.750000000000000000e-01
2.397550929999999880e+02 3.762499999999999734e-01
2.397812989999999900e+02 3.775000000000000022e-01
2.399896249999999895e+02 3.787499999999999756e-01
2.400209340000000111e+02 3.800000000000000044e-01
2.400292589999999961e+02 3.812499999999999778e-01
2.400971729999999980e+02 3.825000000000000067e-01
2.401193539999999871e+02 3.837499999999999800e-01
2.402103209999999933e+02 3.850000000000000089e-01
2.402602860000000078e+02 3.862499999999999822e-01
2.402974189999999908e+02 3.874999999999999556e-01
2.403792329999999993e+02 3.887499999999999845e-01
2.405862040000000093e+02 3.899999999999999578e-01
2.405897420000000011e+02 3.912499999999999867e-01
2.406380120000000034e+02 3.924999999999999600e-01
2.406683969999999988e+02 3.937499999999999889e-01
2.407837260000000015e+02 3.949999999999999623e-01
2.408095759999999927e+02 3.962499999999999911e-01
2.408623890000000074e+02 3.974999999999999645e-01
2.408968209999999885e+02 3.987499999999999933e-01
2.409761790000000019e+02 3.999999999999999667e-01
2.410259819999999991e+02 4.012499999999999956e-01
2.411653110000000027e+02 4.024999999999999689e-01
2.411701850000000036e+02 4.037499999999999978e-01
2.411869340000000079e+02 4.049999999999999711e-01
2.412320170000000132e+02 4.062500000000000000e-01
2.412397149999999897e+02 4.074999999999999734e-01
2.414246269999999868e+02 4.087500000000000022e-01
2.414432789999999898e+02 4.099999999999999756e-01
2.415055949999999996e+02 4.112500000000000044e-01
2.415982339999999908e+02 4.124999999999999778e-01
2.417034610000000043e+02 4.137500000000000067e-01
2.417175640000000101e+02 4.149999999999999800e-01
2.417945599999999899e+02 4.162500000000000089e-01
2.418513299999999902e+02 4.174999999999999822e-01
2.418526050000000112e+02 4.187499999999999556e-01
2.418702209999999866e+02 4.199999999999999845e-01
2.421304800000000057e+02 4.212499999999999578e-01
2.421600510000000099e+02 4.224999999999999867e-01
2.422148349999999937e+02 4.237499999999999600e-01
2.423646939999999859e+02 4.249999999999999889e-01
2.424492270000000076e+02 4.262499999999999623e-01
2.425235470000000078e+02 4.274999999999999911e-01
2.425286690000000078e+02 4.287499999999999645e-01
2.425587020000000109e+02 4.299999999999999933e-01
2.426402539999999988e+02 4.312499999999999667e-01
2.426678670000000011e+02 4.324999999999999956e-01
2.427823549999999955e+02 4.337499999999999689e-01
2.428065740000000119e+02 4.349999999999999978e-01
2.428665909999999997e+02 4.362499999999999711e-01
2.429279239999999902e+02 4.375000000000000000e-01
2.429866710000000012e+02 4.387499999999999734e-01
2.430030759999999930e+02 4.400000000000000022e-01
2.430182959999999923e+02 4.412499999999999756e-01
2.430250900000000058e+02 4.425000000000000044e-01
2.431124529999999879e+02 4.437499999999999778e-01
2.431821360000000141e+02 4.450000000000000067e-01
2.432493780000000072e+02 4.462499999999999800e-01
2.432605859999999893e+02 4.475000000000000089e-01
2.432896379999999965e+02 4.487499999999999822e-01
2.433317720000000008e+02 4.499999999999999556e-01
2.434046779999999899e+02 4.512499999999999845e-01
2.434226219999999898e+02 4.524999999999999578e-01
2.434628859999999975e+02 4.537499999999999867e-01
2.434752809999999954e+02 4.549999999999999600e-01
2.435308239999999955e+02 4.562499999999999889e-01
2.435903010000000108e+02 4.574999999999999623e-01
2.436477170000000001e+02 4.587499999999999911e-01
2.437884770000000003e+02 4.599999999999999645e-01
2.438032200000000103e+02 4.612499999999999933e-01
2.438623690000000011e+02 4.624999999999999667e-01
2.440264410000000055e+02 4.637499999999999956e-01
2.442366969999999924e+02 4.649999999999999689e-01
2.443152900000000045e+02 4.662499999999999978e-01
2.443766520000000071e+02 4.674999999999999711e-01
2.443786350000000027e+02 4.687500000000000000e-01
2.444270359999999869e+02 4.699999999999999734e-01
2.444309949999999958e+02 4.712500000000000022e-01
2.445634000000000015e+02 4.724999999999999756e-01
2.445744259999999883e+02 4.737500000000000044e-01
2.446107599999999991e+02 4.749999999999999778e-01
2.447478250000000060e+02 4.762500000000000067e-01
2.447836670000000083e+02 4.774999999999999800e-01
2.447904080000000135e+02 4.787500000000000089e-01
2.448657680000000028e+02 4.799999999999999822e-01
2.449094580000000008e+02 4.812499999999999556e-01
2.449383760000000052e+02 4.824999999999999845e-01
2.449648870000000045e+02 4.837499999999999578e-01
2.449886079999999993e+02 4.849999999999999867e-01
2.451895729999999958e+02 4.862499999999999600e-01
2.453179140000000018e+02 4.874999999999999889e-01
2.453478340000000060e+02 4.887499999999999623e-01
2.453623519999999871e+02 4.899999999999999911e-01
2.454418619999999862e+02 4.912499999999999645e-01
2.455006569999999897e+02 4.924999999999999933e-01
2.455398450000000139e+02 4.937499999999999667e-01
2.455525529999999890e+02 4.949999999999999956e-01
2.456276290000000131e+02 4.962499999999999689e-01
2.456947120000000098e+02 4.974999999999999978e-01
2.457664680000000033e+02 4.987499999999999711e-01
2.459118060000000128e+02 5.000000000000000000e-01
2.459529589999999928e+02 5.012499999999999734e-01
2.459838499999999897e+02 5.024999999999999467e-01
2.459987450000000138e+02 5.037500000000000311e-01
2.461120899999999949e+02 5.050000000000000044e-01
2.461561800000000062e+02 5.062499999999999778e-01
2.462833379999999863e+02 5.074999999999999512e-01
2.463306159999999920e+02 5.087500000000000355e-01
2.463801609999999869e+02 5.100000000000000089e-01
2.465544409999999971e+02 5.112499999999999822e-01
2.468050650000000132e+02 5.124999999999999556e-01
2.470348960000000034e+02 5.137499999999999289e-01
2.472537309999999877e+02 5.150000000000000133e-01
2.472568899999999985e+02 5.162499999999999867e-01
2.472702020000000118e+02 5.174999999999999600e-01
2.474061370000000011e+02 5.187499999999999334e-01
2.474769119999999987e+02 5.200000000000000178e-01
2.476153960000000041e+02 5.212499999999999911e-01
2.477083629999999914e+02 5.224999999999999645e-01
2.479517119999999863e+02 5.237499999999999378e-01
2.479549340000000086e+02 5.250000000000000222e-01
2.480764790000000062e+02 5.262499999999999956e-01
2.482810619999999915e+02 5.274999999999999689e-01
2.483016810000000021e+02 5.287499999999999423e-01
2.483036840000000041e+02 5.300000000000000266e-01
2.483996089999999981e+02 5.312500000000000000e-01
2.484239819999999952e+02 5.324999999999999734e-01
2.485548060000000135e+02 5.337499999999999467e-01
2.485719520000000102e+02 5.350000000000000311e-01
2.485805229999999995e+02 5.362500000000000044e-01
2.486042779999999937e+02 5.374999999999999778e-01
2.486727449999999919e+02 5.387499999999999512e-01
2.486954770000000110e+02 5.400000000000000355e-01
2.487354049999999859e+02 5.412500000000000089e-01
2.487403970000000015e+02 5.424999999999999822e-01
2.487518670000000043e+02 5.437499999999999556e-01
2.488624550000000113e+02 5.450000000000000400e-01
2.488968179999999961e+02 5.462500000000000133e-01
2.489147260000000017e+02 5.474999999999999867e-01
2.489435540000000060e+02 5.487499999999999600e-01
2.491961509999999862e+02 5.499999999999999334e-01
2.494312559999999905e+02 5.512500000000000178e-01
2.494881440000000055e+02 5.524999999999999911e-01
2.495755859999999871e+02 5.537499999999999645e-01
2.495808000000000106e+02 5.549999999999999378e-01
2.495946859999999958e+02 5.562500000000000222e-01
2.496061390000000131e+02 5.574999999999999956e-01
2.497696410000000071e+02 5.587499999999999689e-01
2.498954310000000021e+02 5.599999999999999423e-01
2.499010859999999923e+02 5.612500000000000266e-01
2.501270429999999863e+02 5.625000000000000000e-01
2.501416089999999883e+02 5.637499999999999734e-01
2.501553480000000036e+02 5.649999999999999467e-01
2.502239219999999875e+02 5.662500000000000311e-01
2.502806730000000073e+02 5.675000000000000044e-01
2.503456470000000138e+02 5.687499999999999778e-01
2.503461499999999944e+02 5.699999999999999512e-01
2.504307049999999890e+02 5.712500000000000355e-01
2.504702379999999948e+02 5.725000000000000089e-01
2.505573369999999898e+02 5.737499999999999822e-01
2.505776899999999898e+02 5.749999999999999556e-01
2.505808490000000006e+02 5.762500000000000400e-01
2.507809809999999970e+02 5.775000000000000133e-01
2.508435369999999978e+02 5.787499999999999867e-01
2.509180250000000001e+02 5.799999999999999600e-01
2.510653810000000021e+02 5.812499999999999334e-01
2.512272250000000042e+02 5.825000000000000178e-01
2.512384209999999882e+02 5.837499999999999911e-01
2.512452769999999873e+02 5.849999999999999645e-01
2.512453749999999957e+02 5.862499999999999378e-01
2.512940419999999904e+02 5.875000000000000222e-01
2.513168829999999900e+02 5.887499999999999956e-01
2.513558219999999892e+02 5.899999999999999689e-01
2.514009210000000110e+02 5.912499999999999423e-01
2.514819669999999974e+02 5.925000000000000266e-01
2.515319360000000017e+02 5.937500000000000000e-01
2.516041899999999885e+02 5.949999999999999734e-01
2.516918900000000008e+02 5.962499999999999467e-01
2.517095620000000054e+02 5.975000000000000311e-01
2.517526310000000080e+02 5.987500000000000044e-01
2.518619720000000086e+02 5.999999999999999778e-01
2.519177679999999953e+02 6.012499999999999512e-01
2.519485679999999945e+02 6.025000000000000355e-01
2.520393459999999948e+02 6.037500000000000089e-01
2.521602790000000027e+02 6.049999999999999822e-01
2.523625780000000134e+02 6.062499999999999556e-01
2.523940080000000137e+02 6.075000000000000400e-01
2.525073409999999967e+02 6.087500000000000133e-01
2.525500440000000140e+02 6.099999999999999867e-01
2.525805719999999894e+02 6.112499999999999600e-01
2.526311910000000012e+02 6.124999999999999334e-01
2.526500709999999970e+02 6.137500000000000178e-01
2.526545299999999941e+02 6.149999999999999911e-01
2.527080640000000074e+02 6.162499999999999645e-01
2.527350509999999986e+02 6.174999999999999378e-01
2.527926129999999887e+02 6.187500000000000222e-01
2.528026700000000062e+02 6.199999999999999956e-01
2.528609099999999899e+02 6.212499999999999689e-01
2.529893250000000080e+02 6.224999999999999423e-01
2.531251550000000066e+02 6.237500000000000266e-01
2.532557810000000131e+02 6.250000000000000000e-01
2.534322510000000079e+02 6.262499999999999734e-01
2.535135530000000017e+02 6.274999999999999467e-01
2.535236099999999908e+02 6.287500000000000311e-01
2.535449810000000070e+02 6.300000000000000044e-01
2.535494649999999979e+02 6.312499999999999778e-01
2.535961430000000121e+02 6.324999999999999512e-01
2.538140579999999886e+02 6.337500000000000355e-01
2.538699100000000044e+02 6.350000000000000089e-01
2.538995630000000006e+02 6.362499999999999822e-01
2.539404069999999933e+02 6.374999999999999556e-01
2.541980580000000032e+02 6.387500000000000400e-01
2.543110920000000021e+02 6.400000000000000133e-01
2.543281379999999956e+02 6.412499999999999867e-01
2.543362549999999942e+02 6.424999999999999600e-01
2.543926639999999963e+02 6.437499999999999334e-01
2.545951200000000085e+02 6.450000000000000178e-01
2.545996509999999944e+02 6.462499999999999911e-01
2.547173209999999983e+02 6.474999999999999645e-01
2.547406929999999932e+02 6.487499999999999378e-01
2.547894469999999956e+02 6.500000000000000222e-01
2.548637960000000078e+02 6.512499999999999956e-01
2.549545699999999897e+02 6.524999999999999689e-01
2.550416519999999991e+02 6.537499999999999423e-01
2.550554309999999987e+02 6.550000000000000266e-01
2.551882769999999994e+02 6.562500000000000000e-01
2.552234599999999887e+02 6.574999999999999734e-01
2.552773630000000082e+02 6.587499999999999467e-01
2.553338280000000111e+02 6.600000000000000311e-01
2.553842579999999884e+02 6.612500000000000044e-01
2.554675520000000120e+02 6.624999999999999778e-01
2.554716009999999926e+02 6.637499999999999512e-01
2.554785249999999905e+02 6.650000000000000355e-01
2.556447530000000086e+02 6.662500000000000089e-01
2.557194499999999948e+02 6.674999999999999822e-01
2.557455940000000112e+02 6.687499999999999556e-01
2.557614159999999970e+02 6.700000000000000400e-01
2.557904110000000060e+02 6.712500000000000133e-01
2.559089439999999911e+02 6.724999999999999867e-01
2.562544199999999819e+02 6.737499999999999600e-01
2.563162970000000200e+02 6.749999999999999334e-01
2.563806519999999978e+02 6.762500000000000178e-01
2.564582100000000082e+02 6.774999999999999911e-01
2.565149720000000002e+02 6.787499999999999645e-01
2.567257680000000164e+02 6.799999999999999378e-01
2.567579890000000091e+02 6.812500000000000222e-01
2.568143279999999891e+02 6.824999999999999956e-01
2.570061230000000023e+02 6.837499999999999689e-01
2.570979379999999992e+02 6.849999999999999423e-01
2.572305539999999837e+02 6.862500000000000266e-01
2.574195110000000000e+02 6.875000000000000000e-01
2.576024170000000026e+02 6.887499999999999734e-01
2.576079540000000065e+02 6.899999999999999467e-01
2.576141279999999938e+02 6.912500000000000311e-01
2.578124429999999734e+02 6.925000000000000044e-01
2.578563330000000065e+02 6.937499999999999778e-01
2.578662979999999720e+02 6.949999999999999512e-01
2.579516239999999812e+02 6.962500000000000355e-01
2.580895980000000236e+02 6.975000000000000089e-01
2.581165899999999738e+02 6.987499999999999822e-01
2.582512419999999906e+02 6.999999999999999556e-01
2.583737859999999955e+02 7.012500000000000400e-01
2.584426379999999881e+02 7.025000000000000133e-01
2.586268069999999852e+02 7.037499999999999867e-01
2.586904030000000034e+02 7.049999999999999600e-01
2.588311489999999822e+02 7.062499999999999334e-01
2.590803789999999935e+02 7.075000000000000178e-01
2.591717820000000074e+02 7.087499999999999911e-01
2.593667179999999917e+02 7.099999999999999645e-01
2.594167739999999753e+02 7.112499999999999378e-01
2.596842970000000150e+02 7.125000000000000222e-01
2.597570329999999785e+02 7.137499999999999956e-01
2.600446939999999927e+02 7.149999999999999689e-01
2.601693910000000187e+02 7.162499999999999423e-01
2.602349820000000022e+02 7.175000000000000266e-01
2.604008010000000013e+02 7.187500000000000000e-01
2.604016629999999850e+02 7.199999999999999734e-01
2.604039080000000013e+02 7.212499999999999467e-01
2.604345569999999839e+02 7.225000000000000311e-01
2.604844550000000254e+02 7.237500000000000044e-01
2.606981410000000210e+02 7.249999999999999778e-01
2.607413750000000050e+02 7.262499999999999512e-01
2.607532800000000179e+02 7.275000000000000355e-01
2.608107400000000098e+02 7.287500000000000089e-01
2.609283249999999725e+02 7.299999999999999822e-01
2.609697820000000092e+02 7.312499999999999556e-01
2.610270929999999794e+02 7.325000000000000400e-01
2.610717579999999884e+02 7.337500000000000133e-01
2.611479509999999777e+02 7.349999999999999867e-01
2.611662739999999872e+02 7.362499999999999600e-01
2.611840639999999780e+02 7.374999999999999334e-01
2.612092969999999923e+02 7.387500000000000178e-01
2.612228279999999927e+02 7.399999999999999911e-01
2.615709289999999783e+02 7.412499999999999645e-01
2.616194699999999784e+02 7.424999999999999378e-01
2.617974590000000035e+02 7.437500000000000222e-01
2.627166419999999789e+02 7.449999999999999956e-01
2.627399050000000216e+02 7.462499999999999689e-01
2.629129669999999805e+02 7.474999999999999423e-01
2.629149820000000091e+02 7.487500000000000266e-01
2.630155359999999973e+02 7.500000000000000000e-01
2.631292270000000144e+02 7.512499999999999734e-01
2.634061829999999986e+02 7.524999999999999467e-01
2.638175239999999917e+02 7.537500000000000311e-01
2.638676229999999805e+02 7.550000000000000044e-01
2.641237310000000207e+02 7.562499999999999778e-01
2.642848950000000059e+02 7.574999999999999512e-01
2.643403880000000186e+02 7.587500000000000355e-01
2.645432670000000144e+02 7.600000000000000089e-01
2.648981979999999794e+02 7.612499999999999822e-01
2.650153760000000034e+02 7.624999999999999556e-01
2.651211240000000089e+02 7.637500000000000400e-01
2.652859799999999950e+02 7.650000000000000133e-01
2.653991730000000189e+02 7.662499999999999867e-01
2.654775139999999851e+02 7.674999999999999600e-01
2.655388330000000110e+02 7.687500000000000444e-01
2.655405900000000088e+02 7.700000000000000178e-01
2.658593710000000101e+02 7.712499999999999911e-01
2.659828259999999887e+02 7.724999999999999645e-01
2.660382460000000151e+02 7.737499999999999378e-01
2.660970750000000180e+02 7.750000000000000222e-01
2.661124820000000000e+02 7.762499999999999956e-01
2.661266669999999976e+02 7.774999999999999689e-01
2.662263669999999820e+02 7.787499999999999423e-01
2.662273850000000266e+02 7.800000000000000266e-01
2.662532299999999736e+02 7.812500000000000000e-01
2.663587089999999762e+02 7.824999999999999734e-01
2.664396150000000034e+02 7.837499999999999467e-01
2.667120689999999854e+02 7.850000000000000311e-01
2.669407429999999977e+02 7.862500000000000044e-01
2.670392330000000243e+02 7.874999999999999778e-01
2.670838400000000092e+02 7.887499999999999512e-01
2.670985830000000192e+02 7.900000000000000355e-01
2.671283139999999889e+02 7.912500000000000089e-01
2.671305970000000229e+02 7.924999999999999822e-01
2.671578359999999748e+02 7.937499999999999556e-01
2.672489499999999794e+02 7.950000000000000400e-01
2.672635379999999827e+02 7.962500000000000133e-01
2.673648089999999797e+02 7.974999999999999867e-01
2.676604439999999840e+02 7.987499999999999600e-01
2.677582380000000057e+02 8.000000000000000444e-01
2.678560770000000275e+02 8.012500000000000178e-01
2.679461239999999975e+02 8.024999999999999911e-01
2.679511919999999918e+02 8.037499999999999645e-01
2.680286370000000034e+02 8.049999999999999378e-01
2.681024530000000254e+02 8.062500000000000222e-01
2.681113690000000247e+02 8.074999999999999956e-01
2.682889549999999872e+02 8.087499999999999689e-01
2.684928719999999771e+02 8.099999999999999423e-01
2.685032449999999926e+02 8.112500000000000266e-01
2.685692139999999881e+02 8.125000000000000000e-01
2.686957330000000184e+02 8.137499999999999734e-01
2.688031230000000278e+02 8.149999999999999467e-01
2.693888130000000274e+02 8.162500000000000311e-01
2.697260229999999979e+02 8.175000000000000044e-01
2.702762609999999768e+02 8.187499999999999778e-01
2.703186010000000010e+02 8.199999999999999512e-01
2.704298190000000091e+02 8.212500000000000355e-01
2.707805640000000267e+02 8.225000000000000089e-01
2.709702720000000227e+02 8.237499999999999822e-01
2.710340439999999944e+02 8.249999999999999556e-01
2.710907290000000103e+02 8.262500000000000400e-01
2.712691829999999982e+02 8.275000000000000133e-01
2.713137849999999958e+02 8.287499999999999867e-01
2.719966009999999983e+02 8.299999999999999600e-01
2.722807159999999840e+02 8.312500000000000444e-01
2.722847800000000120e+02 8.325000000000000178e-01
2.723514379999999733e+02 8.337499999999999911e-01
2.723645440000000235e+02 8.349999999999999645e-01
2.725692129999999906e+02 8.362499999999999378e-01
2.725924549999999726e+02 8.375000000000000222e-01
2.730610839999999939e+02 8.387499999999999956e-01
2.731701269999999795e+02 8.399999999999999689e-01
2.732259829999999852e+02 8.412499999999999423e-01
2.744180799999999749e+02 8.425000000000000266e-01
2.744273699999999963e+02 8.437500000000000000e-01
2.746247720000000072e+02 8.449999999999999734e-01
2.746479939999999829e+02 8.462499999999999467e-01
2.746552340000000072e+02 8.475000000000000311e-01
2.746926859999999806e+02 8.487500000000000044e-01
2.750855349999999930e+02 8.499999999999999778e-01
2.753710239999999771e+02 8.512499999999999512e-01
2.760821829999999864e+02 8.525000000000000355e-01
2.763198929999999791e+02 8.537500000000000089e-01
2.763773049999999785e+02 8.549999999999999822e-01
2.764687250000000063e+02 8.562499999999999556e-01
2.765213279999999827e+02 8.575000000000000400e-01
2.765653469999999743e+02 8.587500000000000133e-01
2.766485519999999951e+02 8.599999999999999867e-01
2.767318869999999720e+02 8.612499999999999600e-01
2.773780479999999784e+02 8.625000000000000444e-01
2.776347049999999967e+02 8.637500000000000178e-01
2.777394090000000233e+02 8.649999999999999911e-01
2.777901239999999916e+02 8.662499999999999645e-01
2.778386259999999766e+02 8.674999999999999378e-01
2.778699899999999730e+02 8.687500000000000222e-01
2.778961150000000089e+02 8.699999999999999956e-01
2.781801950000000261e+02 8.712499999999999689e-01
2.783758169999999836e+02 8.724999999999999423e-01
2.786736730000000080e+02 8.737500000000000266e-01
2.787429050000000075e+02 8.750000000000000000e-01
2.787927109999999971e+02 8.762499999999999734e-01
2.790148960000000216e+02 8.774999999999999467e-01
2.797266409999999723e+02 8.787500000000000311e-01
2.797791980000000081e+02 8.800000000000000044e-01
2.798380300000000034e+02 8.812499999999999778e-01
2.800817359999999780e+02 8.824999999999999512e-01
2.812459579999999733e+02 8.837500000000000355e-01
2.813707660000000033e+02 8.850000000000000089e-01
2.816612390000000232e+02 8.862499999999999822e-01
2.820896989999999960e+02 8.874999999999999556e-01
2.825929909999999836e+02 8.887500000000000400e-01
2.826398550000000114e+02 8.900000000000000133e-01
2.826817730000000211e+02 8.912499999999999867e-01
2.827965940000000273e+02 8.924999999999999600e-01
2.842562869999999862e+02 8.937500000000000444e-01
2.842608950000000050e+02 8.950000000000000178e-01
2.842869000000000028e+02 8.962499999999999911e-01
2.845610940000000255e+02 8.974999999999999645e-01
2.849106800000000135e+02 8.987499999999999378e-01
2.849873180000000161e+02 9.000000000000000222e-01
2.850845499999999788e+02 9.012499999999999956e-01
2.851146790000000237e+02 9.024999999999999689e-01
2.859630210000000261e+02 9.037499999999999423e-01
2.859785749999999780e+02 9.050000000000000266e-01
2.863769399999999905e+02 9.062500000000000000e-01
2.872523630000000026e+02 9.074999999999999734e-01
2.873572980000000143e+02 9.087499999999999467e-01
2.876670080000000098e+02 9.100000000000000311e-01
2.883206460000000106e+02 9.112500000000000044e-01
2.887308459999999855e+02 9.124999999999999778e-01
2.899897700000000214e+02 9.137499999999999512e-01
2.900643610000000194e+02 9.150000000000000355e-01
2.901091210000000160e+02 9.162500000000000089e-01
2.906319920000000252e+02 9.174999999999999822e-01
2.907536850000000186e+02 9.187499999999999556e-01
2.909017129999999725e+02 9.200000000000000400e-01
2.909992080000000101e+02 9.212500000000000133e-01
2.910944529999999872e+02 9.224999999999999867e-01
2.918957280000000196e+02 9.237499999999999600e-01
2.937636749999999779e+02 9.250000000000000444e-01
2.940883999999999787e+02 9.262500000000000178e-01
2.944408119999999940e+02 9.274999999999999911e-01
2.949591399999999908e+02 9.287499999999999645e-01
2.952346539999999777e+02 9.299999999999999378e-01
2.962943230000000199e+02 9.312500000000000222e-01
2.963862710000000220e+02 9.324999999999999956e-01
2.964159549999999967e+02 9.337499999999999689e-01
2.972501770000000079e+02 9.349999999999999423e-01
2.976665340000000128e+02 9.362500000000000266e-01
2.982191169999999829e+02 9.375000000000000000e-01
2.992385719999999765e+02 9.387499999999999734e-01
3.006897159999999758e+02 9.399999999999999467e-01
3.009753190000000131e+02 9.412500000000000311e-01
3.017179709999999773e+02 9.425000000000000044e-01
3.017599490000000060e+02 9.437499999999999778e-01
3.019737660000000119e+02 9.449999999999999512e-01
3.021794499999999744e+02 9.462500000000000355e-01
3.030035869999999818e+02 9.475000000000000089e-01
3.034027379999999994e+02 9.487499999999999822e-01
3.034056620000000066e+02 9.499999999999999556e-01
3.046258040000000165e+02 9.512500000000000400e-01
3.060406899999999837e+02 9.525000000000000133e-01
3.068317949999999996e+02 9.537499999999999867e-01
3.081953379999999925e+02 9.549999999999999600e-01
3.084204680000000280e+02 9.562500000000000444e-01
3.099581939999999918e+02 9.575000000000000178e-01
3.142207510000000070e+02 9.587499999999999911e-01
3.149352400000000216e+02 9.599999999999999645e-01
3.154166250000000105e+02 9.612499999999999378e-01
3.156209929999999986e+02 9.625000000000000222e-01
3.180873000000000275e+02 9.637499999999999956e-01
3.186068309999999997e+02 9.649999999999999689e-01
3.189168829999999843e+02 9.662499999999999423e-01
3.193226119999999923e+02 9.675000000000000266e-01
3.198918029999999817e+02 9.687500000000000000e-01
3.211687939999999912e+02 9.699999999999999734e-01
3.320455989999999815e+02 9.712499999999999467e-01
3.330587919999999826e+02 9.725000000000000311e-01
3.331541560000000004e+02 9.737500000000000044e-01
3.337056420000000116e+02 9.749999999999999778e-01
3.340068029999999908e+02 9.762499999999999512e-01
3.340522119999999973e+02 9.775000000000000355e-01
3.344961910000000103e+02 9.787500000000000089e-01
3.363663220000000251e+02 9.799999999999999822e-01
3.376426829999999768e+02 9.812499999999999556e-01
3.398066749999999843e+02 9.825000000000000400e-01
3.406906629999999723e+02 9.837500000000000133e-01
3.421432750000000169e+02 9.849999999999999867e-01
3.441438949999999863e+02 9.862499999999999600e-01
3.465551869999999894e+02 9.875000000000000444e-01
3.475588700000000131e+02 9.887500000000000178e-01
3.490225449999999796e+02 9.899999999999999911e-01
3.513998569999999972e+02 9.912499999999999645e-01
3.518695050000000037e+02 9.925000000000000488e-01
3.550601700000000278e+02 9.937500000000000222e-01
3.594470519999999851e+02 9.949999999999999956e-01
3.626832850000000121e+02 9.962499999999999689e-01
3.699845199999999750e+02 9.974999999999999423e-01
4.086392829999999776e+02 9.987500000000000266e-01
4.199630619999999794e+02 1.000000000000000000e+00
