x   y
-inf 0.000000000000000000e+00
6.626762899999999945e+01 1.428571428571428570e-03
6.775987100000000396e+01 2.857142857142857140e-03
6.923428400000000238e+01 4.285714285714285927e-03
7.214324799999999982e+01 5.714285714285714281e-03
7.336387399999999559e+01 7.142857142857142634e-03
7.616859700000000544e+01 8.571428571428571855e-03
7.740995200000000409e+01 1.000000000000000021e-02
7.759825399999999718e+01 1.142857142857142856e-02
7.819932900000000586e+01 1.285714285714285691e-02
7.832995599999999570e+01 1.428571428571428527e-02
7.858194000000000301e+01 1.571428571428571536e-02
7.862974699999999473e+01 1.714285714285714371e-02
7.913303100000000256e+01 1.857142857142857206e-02
7.928603300000000331e+01 2.000000000000000042e-02
7.947141899999999737e+01 2.142857142857142877e-02
7.947467500000000484e+01 2.285714285714285712e-02
8.063768600000000220e+01 2.428571428571428548e-02
8.160505600000000470e+01 2.571428571428571383e-02
8.207313999999999510e+01 2.714285714285714218e-02
8.220977999999999497e+01 2.857142857142857054e-02
8.319834099999999921e+01 2.999999999999999889e-02
8.357061299999999449e+01 3.142857142857143071e-02
8.369932900000000586e+01 3.285714285714286254e-02
8.376585099999999784e+01 3.428571428571428742e-02
8.392358400000000529e+01 3.571428571428571924e-02
8.407266300000000570e+01 3.714285714285714413e-02
8.418605999999999767e+01 3.857142857142857595e-02
8.447946199999999806e+01 4.000000000000000083e-02
8.456005100000000141e+01 4.142857142857143266e-02
8.466370299999999816e+01 4.285714285714285754e-02
8.549119799999999714e+01 4.428571428571428936e-02
8.557627200000000300e+01 4.571428571428571425e-02
8.562672299999999836e+01 4.714285714285714607e-02
8.577229300000000478e+01 4.857142857142857789e-02
8.625686199999999815e+01 5.000000000000000278e-02
8.668455600000000061e+01 5.142857142857143460e-02
8.756773699999999394e+01 5.285714285714285948e-02
8.773519600000000196e+01 5.428571428571429131e-02
8.776610200000000361e+01 5.571428571428571619e-02
8.830161999999999978e+01 5.714285714285714801e-02
8.844427399999999295e+01 5.857142857142857290e-02
8.860069000000000017e+01 6.000000000000000472e-02
8.877309400000000039e+01 6.142857142857142960e-02
8.919661299999999926e+01 6.285714285714286143e-02
8.954538999999999760e+01 6.428571428571429325e-02
8.984970699999999511e+01 6.571428571428571119e-02
8.998537299999999561e+01 6.714285714285714302e-02
9.028795100000000673e+01 6.857142857142857484e-02
9.045618500000000495e+01 7.000000000000000666e-02
9.061905400000000554e+01 7.142857142857143848e-02
9.089591199999999560e+01 7.285714285714285643e-02
9.144658699999999385e+01 7.428571428571428825e-02
9.144726199999999494e+01 7.571428571428572007e-02
9.166872899999999902e+01 7.714285714285715190e-02
9.178617800000000670e+01 7.857142857142856984e-02
9.195858699999999430e+01 8.000000000000000167e-02
9.195929999999999893e+01 8.142857142857143349e-02
9.223495400000000188e+01 8.285714285714286531e-02
9.226547200000000259e+01 8.428571428571428326e-02
9.237035199999999691e+01 8.571428571428571508e-02
9.258364799999999661e+01 8.714285714285714690e-02
9.264244899999999916e+01 8.857142857142857872e-02
9.269617399999999918e+01 8.999999999999999667e-02
9.276873600000000408e+01 9.142857142857142849e-02
9.304447799999999802e+01 9.285714285714286031e-02
9.305641599999999869e+01 9.428571428571429214e-02
9.332090700000000538e+01 9.571428571428572396e-02
9.335660199999999520e+01 9.714285714285714191e-02
9.339749700000000132e+01 9.857142857142857373e-02
9.347562100000000385e+01 1.000000000000000056e-01
9.367605199999999854e+01 1.014285714285714374e-01
9.391065199999999891e+01 1.028571428571428553e-01
9.402994599999999537e+01 1.042857142857142871e-01
9.409024999999999750e+01 1.057142857142857190e-01
9.431378399999999829e+01 1.071428571428571508e-01
9.443667600000000562e+01 1.085714285714285687e-01
9.447411800000000426e+01 1.100000000000000006e-01
9.478611600000000692e+01 1.114285714285714324e-01
9.517972500000000480e+01 1.128571428571428642e-01
9.532217099999999732e+01 1.142857142857142821e-01
9.562407799999999725e+01 1.157142857142857140e-01
9.607139399999999796e+01 1.171428571428571458e-01
9.618138999999999328e+01 1.185714285714285776e-01
9.638718299999999317e+01 1.200000000000000094e-01
9.650849599999999384e+01 1.214285714285714274e-01
9.653734900000000607e+01 1.228571428571428592e-01
9.660608200000000068e+01 1.242857142857142910e-01
9.663978000000000179e+01 1.257142857142857229e-01
9.672485899999999504e+01 1.271428571428571408e-01
9.673537100000000066e+01 1.285714285714285587e-01
9.674681300000000306e+01 1.299999999999999767e-01
9.689200400000000002e+01 1.314285714285714224e-01
9.697118000000000393e+01 1.328571428571428403e-01
9.700326699999999391e+01 1.342857142857142860e-01
9.713154199999999605e+01 1.357142857142857040e-01
9.733363699999999596e+01 1.371428571428571219e-01
9.735427799999999365e+01 1.385714285714285676e-01
9.748677100000000451e+01 1.399999999999999856e-01
9.752588400000000490e+01 1.414285714285714313e-01
9.754049899999999695e+01 1.428571428571428492e-01
9.758968600000000038e+01 1.442857142857142672e-01
9.773551100000000247e+01 1.457142857142857129e-01
9.791725999999999885e+01 1.471428571428571308e-01
9.802717499999999973e+01 1.485714285714285487e-01
9.806655399999999645e+01 1.499999999999999944e-01
9.826920599999999695e+01 1.514285714285714124e-01
9.845908599999999922e+01 1.528571428571428581e-01
9.849994599999999423e+01 1.542857142857142760e-01
9.894759700000000180e+01 1.557142857142856940e-01
9.898574299999999937e+01 1.571428571428571397e-01
9.909842899999999588e+01 1.585714285714285576e-01
9.927477100000000121e+01 1.599999999999999756e-01
9.932914599999999439e+01 1.614285714285714213e-01
9.948637999999999693e+01 1.628571428571428392e-01
9.948984699999999748e+01 1.642857142857142849e-01
9.952441000000000315e+01 1.657142857142857029e-01
9.964905100000000004e+01 1.671428571428571208e-01
9.996504299999999432e+01 1.685714285714285665e-01
9.999618999999999858e+01 1.699999999999999845e-01
1.003067439999999948e+02 1.714285714285714302e-01
1.003264230000000055e+02 1.728571428571428481e-01
1.004406259999999946e+02 1.742857142857142660e-01
1.005409719999999965e+02 1.757142857142857117e-01
1.006295960000000065e+02 1.771428571428571297e-01
1.009295690000000008e+02 1.785714285714285476e-01
1.010185319999999933e+02 1.799999999999999933e-01
1.011956789999999984e+02 1.814285714285714113e-01
1.012367830000000026e+02 1.828571428571428570e-01
1.012640300000000053e+02 1.842857142857142749e-01
1.013121950000000027e+02 1.857142857142856929e-01
1.013493749999999949e+02 1.871428571428571386e-01
1.013608650000000040e+02 1.885714285714285565e-01
1.013693070000000063e+02 1.900000000000000022e-01
1.013940319999999957e+02 1.914285714285714202e-01
1.015273870000000045e+02 1.928571428571428381e-01
1.017879769999999979e+02 1.942857142857142838e-01
1.019984780000000057e+02 1.957142857142857018e-01
1.020153860000000066e+02 1.971428571428571197e-01
1.020757370000000037e+02 1.985714285714285654e-01
1.021366280000000017e+02 1.999999999999999833e-01
1.021481560000000002e+02 2.014285714285714290e-01
1.022519219999999933e+02 2.028571428571428470e-01
1.023084669999999932e+02 2.042857142857142649e-01
1.023164299999999969e+02 2.057142857142857106e-01
1.023407210000000021e+02 2.071428571428571286e-01
1.023697030000000012e+02 2.085714285714285743e-01
1.024476099999999974e+02 2.099999999999999922e-01
1.024815140000000042e+02 2.114285714285714102e-01
1.026061579999999935e+02 2.128571428571428559e-01
1.026183019999999999e+02 2.142857142857142738e-01
1.026195170000000019e+02 2.157142857142856918e-01
1.029309570000000065e+02 2.171428571428571375e-01
1.029590419999999966e+02 2.185714285714285554e-01
1.030543169999999975e+02 2.200000000000000011e-01
1.031157160000000061e+02 2.214285714285714191e-01
1.031624709999999965e+02 2.228571428571428370e-01
1.031759590000000060e+02 2.242857142857142827e-01
1.032231969999999990e+02 2.257142857142857006e-01
1.032305369999999982e+02 2.271428571428571186e-01
1.033623130000000003e+02 2.285714285714285643e-01
1.034006040000000013e+02 2.299999999999999822e-01
1.034553049999999956e+02 2.314285714285714279e-01
1.034882939999999962e+02 2.328571428571428459e-01
1.037156039999999990e+02 2.342857142857142638e-01
1.037282790000000006e+02 2.357142857142857095e-01
1.040536000000000030e+02 2.371428571428571275e-01
1.040768939999999958e+02 2.385714285714285732e-01
1.043465649999999982e+02 2.399999999999999911e-01
1.046054610000000054e+02 2.414285714285714091e-01
1.046211629999999957e+02 2.428571428571428548e-01
1.047468460000000050e+02 2.442857142857142727e-01
1.047762050000000045e+02 2.457142857142856907e-01
1.048140290000000050e+02 2.471428571428571364e-01
1.048161000000000058e+02 2.485714285714285543e-01
1.049453419999999966e+02 2.500000000000000000e-01
1.050072329999999994e+02 2.514285714285714457e-01
1.050340139999999991e+02 2.528571428571428914e-01
1.051535329999999959e+02 2.542857142857142816e-01
1.052356170000000049e+02 2.557142857142857273e-01
1.052684469999999948e+02 2.571428571428571730e-01
1.053959499999999991e+02 2.585714285714285632e-01
1.056336900000000014e+02 2.600000000000000089e-01
1.057218979999999959e+02 2.614285714285714546e-01
1.059339259999999996e+02 2.628571428571429003e-01
1.059939700000000045e+02 2.642857142857142905e-01
1.060166470000000061e+02 2.657142857142857362e-01
1.061413299999999964e+02 2.671428571428571819e-01
1.062823000000000064e+02 2.685714285714285721e-01
1.064264620000000008e+02 2.700000000000000178e-01
1.066283860000000061e+02 2.714285714285714635e-01
1.068144450000000063e+02 2.728571428571428537e-01
1.069519609999999972e+02 2.742857142857142994e-01
1.072458900000000028e+02 2.757142857142857451e-01
1.073085669999999965e+02 2.771428571428571352e-01
1.074442250000000030e+02 2.785714285714285809e-01
1.074972489999999965e+02 2.800000000000000266e-01
1.075147309999999976e+02 2.814285714285714723e-01
1.076651070000000061e+02 2.828571428571428625e-01
1.078052789999999987e+02 2.842857142857143082e-01
1.078928290000000061e+02 2.857142857142857539e-01
1.079071129999999954e+02 2.871428571428571441e-01
1.080474430000000012e+02 2.885714285714285898e-01
1.081566779999999994e+02 2.900000000000000355e-01
1.082155190000000005e+02 2.914285714285714257e-01
1.084764679999999970e+02 2.928571428571428714e-01
1.085845120000000037e+02 2.942857142857143171e-01
1.086648909999999972e+02 2.957142857142857073e-01
1.086819870000000066e+02 2.971428571428571530e-01
1.087277349999999956e+02 2.985714285714285987e-01
1.087446949999999930e+02 3.000000000000000444e-01
1.089588729999999970e+02 3.014285714285714346e-01
1.090728689999999972e+02 3.028571428571428803e-01
1.092788489999999939e+02 3.042857142857143260e-01
1.092956319999999977e+02 3.057142857142857162e-01
1.093130450000000025e+02 3.071428571428571619e-01
1.093526350000000065e+02 3.085714285714286076e-01
1.094336250000000064e+02 3.099999999999999978e-01
1.095663650000000047e+02 3.114285714285714435e-01
1.096574499999999972e+02 3.128571428571428892e-01
1.097981939999999952e+02 3.142857142857142794e-01
1.098777429999999953e+02 3.157142857142857251e-01
1.100160860000000014e+02 3.171428571428571708e-01
1.100256140000000045e+02 3.185714285714285610e-01
1.100814299999999974e+02 3.200000000000000067e-01
1.103791810000000027e+02 3.214285714285714524e-01
1.106260240000000010e+02 3.228571428571428981e-01
1.107980150000000066e+02 3.242857142857142883e-01
1.108143299999999982e+02 3.257142857142857340e-01
1.110443060000000060e+02 3.271428571428571797e-01
1.111245519999999942e+02 3.285714285714285698e-01
1.111610720000000043e+02 3.300000000000000155e-01
1.112628440000000012e+02 3.314285714285714612e-01
1.113511450000000025e+02 3.328571428571428514e-01
1.113772620000000018e+02 3.342857142857142971e-01
1.113909150000000068e+02 3.357142857142857428e-01
1.114491890000000041e+02 3.371428571428571330e-01
1.115173049999999932e+02 3.385714285714285787e-01
1.115262450000000030e+02 3.400000000000000244e-01
1.117273619999999994e+02 3.414285714285714701e-01
1.117757320000000050e+02 3.428571428571428603e-01
1.119282199999999960e+02 3.442857142857143060e-01
1.119391590000000036e+02 3.457142857142857517e-01
1.119951860000000039e+02 3.471428571428571419e-01
1.120702840000000009e+02 3.485714285714285876e-01
1.120871460000000042e+02 3.500000000000000333e-01
1.120912170000000003e+02 3.514285714285714235e-01
1.121492180000000047e+02 3.528571428571428692e-01
1.124223080000000010e+02 3.542857142857143149e-01
1.125788809999999955e+02 3.557142857142857051e-01
1.125911530000000056e+02 3.571428571428571508e-01
1.126711030000000022e+02 3.585714285714285965e-01
1.128086639999999932e+02 3.600000000000000422e-01
1.129126299999999929e+02 3.614285714285714324e-01
1.129913520000000062e+02 3.628571428571428781e-01
1.130541479999999979e+02 3.642857142857143238e-01
1.130754589999999951e+02 3.657142857142857140e-01
1.133798409999999990e+02 3.671428571428571597e-01
1.134212660000000028e+02 3.685714285714286054e-01
1.136784250000000043e+02 3.699999999999999956e-01
1.138694509999999980e+02 3.714285714285714413e-01
1.142359359999999953e+02 3.728571428571428870e-01
1.143226990000000001e+02 3.742857142857142771e-01
1.145259209999999968e+02 3.757142857142857229e-01
1.145752690000000058e+02 3.771428571428571686e-01
1.146830580000000026e+02 3.785714285714286143e-01
1.147010839999999945e+02 3.800000000000000044e-01
1.148222030000000018e+02 3.814285714285714501e-01
1.149219389999999947e+02 3.828571428571428958e-01
1.149983780000000024e+02 3.842857142857142860e-01
1.151255670000000038e+02 3.857142857142857317e-01
1.152262979999999999e+02 3.871428571428571774e-01
1.154074609999999979e+02 3.885714285714285676e-01
1.156071749999999980e+02 3.900000000000000133e-01
1.156445999999999970e+02 3.914285714285714590e-01
1.156490679999999998e+02 3.928571428571428492e-01
1.156766800000000046e+02 3.942857142857142949e-01
1.162159319999999951e+02 3.957142857142857406e-01
1.163715810000000062e+02 3.971428571428571863e-01
1.164483910000000009e+02 3.985714285714285765e-01
1.166696539999999942e+02 4.000000000000000222e-01
1.168894810000000035e+02 4.014285714285714679e-01
1.170631110000000064e+02 4.028571428571428581e-01
1.171463300000000061e+02 4.042857142857143038e-01
1.171464569999999981e+02 4.057142857142857495e-01
1.173965830000000068e+02 4.071428571428571397e-01
1.174513800000000003e+02 4.085714285714285854e-01
1.174559440000000023e+02 4.100000000000000311e-01
1.175557160000000039e+02 4.114285714285714213e-01
1.177113039999999984e+02 4.128571428571428670e-01
1.177589420000000047e+02 4.142857142857143127e-01
1.178481450000000024e+02 4.157142857142857584e-01
1.179236089999999990e+02 4.171428571428571486e-01
1.179788510000000059e+02 4.185714285714285943e-01
1.180670429999999982e+02 4.200000000000000400e-01
1.181166609999999935e+02 4.214285714285714302e-01
1.181661229999999989e+02 4.228571428571428759e-01
1.182719060000000013e+02 4.242857142857143216e-01
1.183336840000000052e+02 4.257142857142857117e-01
1.183366520000000008e+02 4.271428571428571574e-01
1.184038819999999959e+02 4.285714285714286031e-01
1.184314959999999957e+02 4.299999999999999933e-01
1.188860669999999971e+02 4.314285714285714390e-01
1.189718330000000037e+02 4.328571428571428847e-01
1.189780389999999954e+02 4.342857142857142749e-01
1.189920340000000039e+02 4.357142857142857206e-01
1.190119360000000057e+02 4.371428571428571663e-01
1.190604309999999941e+02 4.385714285714286120e-01
1.192641079999999931e+02 4.400000000000000022e-01
1.195948300000000017e+02 4.414285714285714479e-01
1.196985190000000046e+02 4.428571428571428936e-01
1.197671469999999943e+02 4.442857142857142838e-01
1.198390890000000013e+02 4.457142857142857295e-01
1.199493669999999952e+02 4.471428571428571752e-01
1.199551780000000036e+02 4.485714285714285654e-01
1.199845339999999965e+02 4.500000000000000111e-01
1.200314269999999937e+02 4.514285714285714568e-01
1.201571990000000056e+02 4.528571428571428470e-01
1.201805540000000008e+02 4.542857142857142927e-01
1.202114729999999980e+02 4.557142857142857384e-01
1.202816949999999991e+02 4.571428571428571841e-01
1.203835310000000050e+02 4.585714285714285743e-01
1.204037500000000023e+02 4.600000000000000200e-01
1.204243649999999946e+02 4.614285714285714657e-01
1.204300010000000043e+02 4.628571428571428559e-01
1.204871619999999979e+02 4.642857142857143016e-01
1.205279699999999963e+02 4.657142857142857473e-01
1.205486980000000017e+02 4.671428571428571375e-01
1.205762930000000068e+02 4.685714285714285832e-01
1.205864749999999930e+02 4.700000000000000289e-01
1.206274860000000047e+02 4.714285714285714191e-01
1.207701459999999969e+02 4.728571428571428648e-01
1.208456319999999948e+02 4.742857142857143105e-01
1.209791929999999951e+02 4.757142857142857562e-01
1.210506110000000035e+02 4.771428571428571463e-01
1.210742319999999950e+02 4.785714285714285920e-01
1.212013489999999933e+02 4.800000000000000377e-01
1.212397189999999938e+02 4.814285714285714279e-01
1.213670199999999966e+02 4.828571428571428736e-01
1.214729719999999986e+02 4.842857142857143193e-01
1.214866860000000059e+02 4.857142857142857095e-01
1.215093719999999990e+02 4.871428571428571552e-01
1.216703969999999941e+02 4.885714285714286009e-01
1.217384969999999953e+02 4.899999999999999911e-01
1.217786710000000028e+02 4.914285714285714368e-01
1.217807329999999979e+02 4.928571428571428825e-01
1.218528490000000062e+02 4.942857142857143282e-01
1.219104990000000015e+02 4.957142857142857184e-01
1.220158969999999954e+02 4.971428571428571641e-01
1.220187870000000032e+02 4.985714285714286098e-01
1.221726539999999943e+02 5.000000000000000000e-01
1.223541000000000025e+02 5.014285714285714457e-01
1.223602810000000005e+02 5.028571428571428914e-01
1.224126449999999977e+02 5.042857142857143371e-01
1.224155549999999977e+02 5.057142857142857828e-01
1.226564209999999946e+02 5.071428571428571175e-01
1.227581739999999968e+02 5.085714285714285632e-01
1.228719530000000049e+02 5.100000000000000089e-01
1.229602540000000062e+02 5.114285714285714546e-01
1.229931530000000066e+02 5.128571428571429003e-01
1.231974570000000000e+02 5.142857142857143460e-01
1.232195870000000042e+02 5.157142857142856807e-01
1.233888369999999952e+02 5.171428571428571264e-01
1.234181770000000000e+02 5.185714285714285721e-01
1.234450760000000002e+02 5.200000000000000178e-01
1.235287249999999943e+02 5.214285714285714635e-01
1.235846570000000071e+02 5.228571428571429092e-01
1.236195429999999931e+02 5.242857142857143549e-01
1.236451210000000032e+02 5.257142857142856895e-01
1.237770519999999976e+02 5.271428571428571352e-01
1.238093230000000062e+02 5.285714285714285809e-01
1.238857830000000035e+02 5.300000000000000266e-01
1.239774270000000058e+02 5.314285714285714723e-01
1.240432109999999994e+02 5.328571428571429180e-01
1.244273780000000045e+02 5.342857142857142527e-01
1.244440409999999986e+02 5.357142857142856984e-01
1.245911909999999949e+02 5.371428571428571441e-01
1.246702549999999974e+02 5.385714285714285898e-01
1.247375559999999979e+02 5.400000000000000355e-01
1.249479790000000037e+02 5.414285714285714812e-01
1.250004490000000033e+02 5.428571428571429269e-01
1.250289180000000044e+02 5.442857142857142616e-01
1.251109380000000044e+02 5.457142857142857073e-01
1.254417260000000027e+02 5.471428571428571530e-01
1.254862069999999932e+02 5.485714285714285987e-01
1.256436539999999979e+02 5.500000000000000444e-01
1.256737499999999983e+02 5.514285714285714901e-01
1.257732599999999934e+02 5.528571428571428248e-01
1.257984249999999946e+02 5.542857142857142705e-01
1.258272000000000048e+02 5.557142857142857162e-01
1.258296789999999987e+02 5.571428571428571619e-01
1.258849170000000015e+02 5.585714285714286076e-01
1.260003179999999929e+02 5.600000000000000533e-01
1.260381399999999985e+02 5.614285714285714990e-01
1.261810389999999984e+02 5.628571428571428337e-01
1.264032090000000039e+02 5.642857142857142794e-01
1.265163029999999935e+02 5.657142857142857251e-01
1.265626910000000009e+02 5.671428571428571708e-01
1.267104029999999995e+02 5.685714285714286165e-01
1.268890039999999999e+02 5.700000000000000622e-01
1.269845339999999965e+02 5.714285714285713969e-01
1.270842600000000004e+02 5.728571428571428426e-01
1.271181030000000050e+02 5.742857142857142883e-01
1.271753250000000008e+02 5.757142857142857340e-01
1.271948749999999961e+02 5.771428571428571797e-01
1.272066499999999962e+02 5.785714285714286254e-01
1.272266879999999958e+02 5.800000000000000711e-01
1.272496699999999947e+02 5.814285714285714057e-01
1.273037790000000058e+02 5.828571428571428514e-01
1.273796399999999949e+02 5.842857142857142971e-01
1.275941470000000066e+02 5.857142857142857428e-01
1.277364429999999942e+02 5.871428571428571885e-01
1.279102560000000040e+02 5.885714285714286342e-01
1.279381680000000046e+02 5.899999999999999689e-01
1.280295360000000073e+02 5.914285714285714146e-01
1.280660809999999969e+02 5.928571428571428603e-01
1.282090200000000095e+02 5.942857142857143060e-01
1.282199709999999868e+02 5.957142857142857517e-01
1.283653140000000121e+02 5.971428571428571974e-01
1.284135880000000043e+02 5.985714285714286431e-01
1.285387980000000141e+02 5.999999999999999778e-01
1.285631349999999884e+02 6.014285714285714235e-01
1.286253839999999968e+02 6.028571428571428692e-01
1.286340610000000027e+02 6.042857142857143149e-01
1.287542550000000006e+02 6.057142857142857606e-01
1.289505240000000015e+02 6.071428571428572063e-01
1.290428919999999948e+02 6.085714285714285410e-01
1.294092320000000029e+02 6.099999999999999867e-01
1.294875350000000083e+02 6.114285714285714324e-01
1.297159210000000087e+02 6.128571428571428781e-01
1.298127020000000016e+02 6.142857142857143238e-01
1.298480739999999969e+02 6.157142857142857695e-01
1.298651700000000062e+02 6.171428571428571042e-01
1.301004969999999901e+02 6.185714285714285499e-01
1.302878530000000126e+02 6.199999999999999956e-01
1.303247350000000040e+02 6.214285714285714413e-01
1.303250539999999944e+02 6.228571428571428870e-01
1.303860750000000053e+02 6.242857142857143327e-01
1.306649759999999958e+02 6.257142857142857784e-01
1.306860269999999957e+02 6.271428571428571130e-01
1.307153500000000008e+02 6.285714285714285587e-01
1.310929120000000125e+02 6.300000000000000044e-01
1.311777979999999957e+02 6.314285714285714501e-01
1.312063159999999868e+02 6.328571428571428958e-01
1.312543180000000120e+02 6.342857142857143415e-01
1.314733290000000068e+02 6.357142857142856762e-01
1.315379509999999925e+02 6.371428571428571219e-01
1.315561219999999878e+02 6.385714285714285676e-01
1.315844759999999951e+02 6.400000000000000133e-01
1.317580179999999928e+02 6.414285714285714590e-01
1.319573039999999935e+02 6.428571428571429047e-01
1.320784889999999905e+02 6.442857142857143504e-01
1.320870889999999918e+02 6.457142857142856851e-01
1.321719270000000108e+02 6.471428571428571308e-01
1.322343160000000069e+02 6.485714285714285765e-01
1.323917710000000056e+02 6.500000000000000222e-01
1.324447619999999972e+02 6.514285714285714679e-01
1.325706869999999924e+02 6.528571428571429136e-01
1.327909249999999872e+02 6.542857142857142483e-01
1.327917539999999974e+02 6.557142857142856940e-01
1.328110890000000097e+02 6.571428571428571397e-01
1.328368360000000052e+02 6.585714285714285854e-01
1.328673029999999926e+02 6.600000000000000311e-01
1.329015139999999917e+02 6.614285714285714768e-01
1.331600889999999993e+02 6.628571428571429225e-01
1.331744510000000048e+02 6.642857142857142572e-01
1.333195729999999912e+02 6.657142857142857029e-01
1.334183859999999981e+02 6.671428571428571486e-01
1.336888680000000136e+02 6.685714285714285943e-01
1.337189529999999991e+02 6.700000000000000400e-01
1.339030439999999942e+02 6.714285714285714857e-01
1.339265350000000012e+02 6.728571428571428203e-01
1.340260269999999991e+02 6.742857142857142660e-01
1.342505700000000104e+02 6.757142857142857117e-01
1.342705239999999947e+02 6.771428571428571574e-01
1.343373229999999978e+02 6.785714285714286031e-01
1.348140319999999974e+02 6.800000000000000488e-01
1.348471720000000005e+02 6.814285714285714946e-01
1.350373859999999979e+02 6.828571428571428292e-01
1.350548450000000003e+02 6.842857142857142749e-01
1.350635000000000048e+02 6.857142857142857206e-01
1.351631109999999865e+02 6.871428571428571663e-01
1.352506219999999928e+02 6.885714285714286120e-01
1.352866679999999917e+02 6.900000000000000577e-01
1.354253960000000063e+02 6.914285714285713924e-01
1.356359539999999981e+02 6.928571428571428381e-01
1.358511599999999930e+02 6.942857142857142838e-01
1.361305099999999868e+02 6.957142857142857295e-01
1.361653430000000071e+02 6.971428571428571752e-01
1.366968750000000057e+02 6.985714285714286209e-01
1.368457750000000033e+02 7.000000000000000666e-01
1.370528140000000121e+02 7.014285714285714013e-01
1.370750030000000095e+02 7.028571428571428470e-01
1.372654729999999859e+02 7.042857142857142927e-01
1.373477660000000071e+02 7.057142857142857384e-01
1.376787950000000080e+02 7.071428571428571841e-01
1.377547199999999918e+02 7.085714285714286298e-01
1.379323109999999986e+02 7.099999999999999645e-01
1.379339620000000082e+02 7.114285714285714102e-01
1.379706740000000025e+02 7.128571428571428559e-01
1.380719960000000128e+02 7.142857142857143016e-01
1.385941019999999924e+02 7.157142857142857473e-01
1.386794429999999920e+02 7.171428571428571930e-01
1.386974659999999915e+02 7.185714285714286387e-01
1.387216190000000040e+02 7.199999999999999734e-01
1.388033629999999903e+02 7.214285714285714191e-01
1.389518229999999903e+02 7.228571428571428648e-01
1.390777899999999931e+02 7.242857142857143105e-01
1.391773980000000108e+02 7.257142857142857562e-01
1.391922360000000083e+02 7.271428571428572019e-01
1.392421060000000068e+02 7.285714285714285365e-01
1.394759380000000135e+02 7.299999999999999822e-01
1.396172029999999893e+02 7.314285714285714279e-01
1.399466199999999958e+02 7.328571428571428736e-01
1.399763879999999858e+02 7.342857142857143193e-01
1.403422439999999938e+02 7.357142857142857650e-01
1.413283179999999959e+02 7.371428571428572107e-01
1.413710509999999942e+02 7.385714285714285454e-01
1.414047089999999969e+02 7.399999999999999911e-01
1.415340970000000027e+02 7.414285714285714368e-01
1.417448469999999929e+02 7.428571428571428825e-01
1.419948339999999973e+02 7.442857142857143282e-01
1.420559289999999919e+02 7.457142857142857739e-01
1.420610340000000065e+02 7.471428571428571086e-01
1.422633130000000108e+02 7.485714285714285543e-01
1.424996160000000032e+02 7.500000000000000000e-01
1.428516020000000140e+02 7.514285714285714457e-01
1.429653509999999983e+02 7.528571428571428914e-01
1.430134559999999908e+02 7.542857142857143371e-01
1.431252780000000087e+02 7.557142857142857828e-01
1.434067929999999933e+02 7.571428571428571175e-01
1.434156519999999944e+02 7.585714285714285632e-01
1.434408889999999985e+02 7.600000000000000089e-01
1.435345250000000021e+02 7.614285714285714546e-01
1.435405690000000050e+02 7.628571428571429003e-01
1.435428100000000029e+02 7.642857142857143460e-01
1.437290030000000058e+02 7.657142857142856807e-01
1.438443110000000047e+02 7.671428571428571264e-01
1.440379729999999938e+02 7.685714285714285721e-01
1.441561839999999961e+02 7.700000000000000178e-01
1.443859889999999950e+02 7.714285714285714635e-01
1.446083059999999989e+02 7.728571428571429092e-01
1.446381859999999904e+02 7.742857142857143549e-01
1.448460320000000081e+02 7.757142857142856895e-01
1.450784889999999905e+02 7.771428571428571352e-01
1.454340929999999901e+02 7.785714285714285809e-01
1.459084780000000023e+02 7.800000000000000266e-01
1.463132109999999955e+02 7.814285714285714723e-01
1.463636199999999974e+02 7.828571428571429180e-01
1.469020099999999900e+02 7.842857142857142527e-01
1.471085930000000133e+02 7.857142857142856984e-01
1.471732560000000092e+02 7.871428571428571441e-01
1.473756669999999929e+02 7.885714285714285898e-01
1.477609060000000056e+02 7.900000000000000355e-01
1.480404320000000098e+02 7.914285714285714812e-01
1.484494540000000029e+02 7.928571428571429269e-01
1.486930189999999925e+02 7.942857142857142616e-01
1.487157269999999869e+02 7.957142857142857073e-01
1.487189439999999934e+02 7.971428571428571530e-01
1.490807509999999922e+02 7.985714285714285987e-01
1.492246189999999899e+02 8.000000000000000444e-01
1.492652530000000013e+02 8.014285714285714901e-01
1.504031559999999956e+02 8.028571428571428248e-01
1.508500940000000128e+02 8.042857142857142705e-01
1.510635530000000131e+02 8.057142857142857162e-01
1.511129870000000039e+02 8.071428571428571619e-01
1.515613150000000076e+02 8.085714285714286076e-01
1.516361730000000136e+02 8.100000000000000533e-01
1.524849609999999984e+02 8.114285714285714990e-01
1.527677740000000028e+02 8.128571428571428337e-01
1.534799730000000011e+02 8.142857142857142794e-01
1.538489160000000027e+02 8.157142857142857251e-01
1.545519329999999911e+02 8.171428571428571708e-01
1.546062469999999962e+02 8.185714285714286165e-01
1.547900119999999902e+02 8.200000000000000622e-01
1.553628820000000132e+02 8.214285714285713969e-01
1.554406349999999861e+02 8.228571428571428426e-01
1.555839110000000005e+02 8.242857142857142883e-01
1.568887080000000083e+02 8.257142857142857340e-01
1.571999279999999999e+02 8.271428571428571797e-01
1.572125599999999963e+02 8.285714285714286254e-01
1.572183730000000139e+02 8.300000000000000711e-01
1.575606209999999976e+02 8.314285714285714057e-01
1.575755000000000052e+02 8.328571428571428514e-01
1.575792680000000132e+02 8.342857142857142971e-01
1.582652720000000102e+02 8.357142857142857428e-01
1.583642920000000061e+02 8.371428571428571885e-01
1.584164800000000071e+02 8.385714285714286342e-01
1.587180459999999869e+02 8.399999999999999689e-01
1.587601099999999974e+02 8.414285714285714146e-01
1.589008249999999975e+02 8.428571428571428603e-01
1.589452919999999949e+02 8.442857142857143060e-01
1.613169829999999934e+02 8.457142857142857517e-01
1.614253559999999936e+02 8.471428571428571974e-01
1.615672390000000007e+02 8.485714285714286431e-01
1.619254300000000057e+02 8.499999999999999778e-01
1.622478849999999966e+02 8.514285714285714235e-01
1.625387460000000033e+02 8.528571428571428692e-01
1.635660709999999938e+02 8.542857142857143149e-01
1.641653239999999983e+02 8.557142857142857606e-01
1.641821689999999876e+02 8.571428571428572063e-01
1.645631500000000074e+02 8.585714285714285410e-01
1.646774310000000128e+02 8.599999999999999867e-01
1.653431410000000028e+02 8.614285714285714324e-01
1.663486739999999884e+02 8.628571428571428781e-01
1.666998419999999896e+02 8.642857142857143238e-01
1.668310630000000003e+02 8.657142857142857695e-01
1.668869779999999992e+02 8.671428571428571042e-01
1.670464489999999955e+02 8.685714285714285499e-01
1.680739759999999876e+02 8.699999999999999956e-01
1.684017409999999870e+02 8.714285714285714413e-01
1.686093429999999955e+02 8.728571428571428870e-01
1.688965579999999989e+02 8.742857142857143327e-01
1.692918180000000064e+02 8.757142857142857784e-01
1.697386520000000019e+02 8.771428571428571130e-01
1.700072959999999966e+02 8.785714285714285587e-01
1.701180139999999881e+02 8.800000000000000044e-01
1.704328429999999912e+02 8.814285714285714501e-01
1.707611919999999941e+02 8.828571428571428958e-01
1.710416170000000022e+02 8.842857142857143415e-01
1.711172909999999945e+02 8.857142857142856762e-01
1.713930279999999868e+02 8.871428571428571219e-01
1.715818170000000009e+02 8.885714285714285676e-01
1.715959870000000080e+02 8.900000000000000133e-01
1.717524109999999951e+02 8.914285714285714590e-01
1.720752430000000004e+02 8.928571428571429047e-01
1.725348710000000096e+02 8.942857142857143504e-01
1.735796770000000038e+02 8.957142857142856851e-01
1.736954200000000128e+02 8.971428571428571308e-01
1.738434819999999945e+02 8.985714285714285765e-01
1.741244959999999935e+02 9.000000000000000222e-01
1.742444279999999992e+02 9.014285714285714679e-01
1.744607110000000034e+02 9.028571428571429136e-01
1.749740459999999871e+02 9.042857142857142483e-01
1.763043820000000039e+02 9.057142857142856940e-01
1.767151059999999916e+02 9.071428571428571397e-01
1.773225889999999936e+02 9.085714285714285854e-01
1.774374320000000012e+02 9.100000000000000311e-01
1.784527659999999969e+02 9.114285714285714768e-01
1.789246819999999900e+02 9.128571428571429225e-01
1.801134600000000034e+02 9.142857142857142572e-01
1.807716639999999870e+02 9.157142857142857029e-01
1.833381320000000017e+02 9.171428571428571486e-01
1.834016990000000078e+02 9.185714285714285943e-01
1.836770249999999862e+02 9.200000000000000400e-01
1.845382449999999892e+02 9.214285714285714857e-01
1.849648170000000107e+02 9.228571428571428203e-01
1.854099799999999902e+02 9.242857142857142660e-01
1.862049480000000017e+02 9.257142857142857117e-01
1.874490399999999966e+02 9.271428571428571574e-01
1.877145690000000116e+02 9.285714285714286031e-01
1.885172770000000071e+02 9.300000000000000488e-01
1.889064830000000086e+02 9.314285714285714946e-01
1.889558319999999867e+02 9.328571428571428292e-01
1.895411410000000103e+02 9.342857142857142749e-01
1.896775399999999934e+02 9.357142857142857206e-01
1.910092940000000112e+02 9.371428571428571663e-01
1.920861299999999972e+02 9.385714285714286120e-01
1.945323820000000126e+02 9.400000000000000577e-01
1.958349190000000135e+02 9.414285714285713924e-01
1.975545500000000061e+02 9.428571428571428381e-01
1.976573080000000004e+02 9.442857142857142838e-01
2.006688739999999882e+02 9.457142857142857295e-01
2.012586459999999988e+02 9.471428571428571752e-01
2.044028629999999964e+02 9.485714285714286209e-01
2.060435009999999920e+02 9.500000000000000666e-01
2.085099739999999997e+02 9.514285714285714013e-01
2.092496209999999905e+02 9.528571428571428470e-01
2.096440910000000031e+02 9.542857142857142927e-01
2.107396909999999934e+02 9.557142857142857384e-01
2.111116169999999954e+02 9.571428571428571841e-01
2.123072620000000086e+02 9.585714285714286298e-01
2.129340249999999912e+02 9.599999999999999645e-01
2.138384749999999883e+02 9.614285714285714102e-01
2.146832090000000051e+02 9.628571428571428559e-01
2.154291519999999878e+02 9.642857142857143016e-01
2.158047579999999925e+02 9.657142857142857473e-01
2.184832729999999970e+02 9.671428571428571930e-01
2.189530719999999917e+02 9.685714285714286387e-01
2.192313330000000065e+02 9.699999999999999734e-01
2.211970880000000079e+02 9.714285714285714191e-01
2.261234489999999937e+02 9.728571428571428648e-01
2.267594249999999931e+02 9.742857142857143105e-01
2.303855739999999912e+02 9.757142857142857562e-01
2.322882740000000013e+02 9.771428571428572019e-01
2.329613150000000132e+02 9.785714285714285365e-01
2.419614410000000078e+02 9.799999999999999822e-01
2.421127089999999953e+02 9.814285714285714279e-01
2.421405890000000056e+02 9.828571428571428736e-01
2.465518199999999922e+02 9.842857142857143193e-01
2.586561859999999911e+02 9.857142857142857650e-01
2.647652469999999880e+02 9.871428571428572107e-01
2.770257369999999923e+02 9.885714285714285454e-01
2.791058150000000069e+02 9.899999999999999911e-01
2.872783600000000206e+02 9.914285714285714368e-01
2.939269330000000195e+02 9.928571428571428825e-01
3.311610499999999888e+02 9.942857142857143282e-01
3.456045369999999934e+02 9.957142857142857739e-01
3.711348699999999781e+02 9.971428571428571086e-01
3.863460029999999961e+02 9.985714285714285543e-01
5.394555050000000165e+02 1.000000000000000000e+00
