x    y
-inf 0.000000000000000000e+00
1.665514139999999941e+02 1.111111111111111110e-03
1.670628100000000131e+02 2.222222222222222220e-03
1.673405549999999948e+02 3.333333333333333114e-03
1.673512130000000013e+02 4.444444444444444441e-03
1.676711860000000058e+02 5.555555555555555768e-03
1.683780370000000062e+02 6.666666666666667095e-03
1.690463489999999922e+02 7.777777777777777554e-03
1.696306889999999896e+02 8.888888888888888881e-03
1.698403940000000034e+02 1.000000000000000021e-02
1.703771869999999922e+02 1.111111111111111154e-02
1.705371240000000057e+02 1.222222222222222286e-02
1.706728369999999870e+02 1.333333333333333419e-02
1.714858879999999886e+02 1.444444444444444378e-02
1.715109730000000070e+02 1.555555555555555511e-02
1.716287309999999877e+02 1.666666666666666644e-02
1.718914350000000013e+02 1.777777777777777776e-02
1.720622989999999959e+02 1.888888888888888909e-02
1.724161459999999977e+02 2.000000000000000042e-02
1.725756660000000124e+02 2.111111111111111174e-02
1.725882619999999861e+02 2.222222222222222307e-02
1.727359370000000069e+02 2.333333333333333440e-02
1.728103580000000079e+02 2.444444444444444572e-02
1.732048550000000091e+02 2.555555555555555705e-02
1.733229230000000030e+02 2.666666666666666838e-02
1.733690789999999993e+02 2.777777777777777624e-02
1.734052399999999921e+02 2.888888888888888756e-02
1.736465300000000127e+02 2.999999999999999889e-02
1.740415710000000047e+02 3.111111111111111022e-02
1.741690790000000106e+02 3.222222222222222154e-02
1.743133559999999989e+02 3.333333333333333287e-02
1.755897229999999922e+02 3.444444444444444420e-02
1.757933030000000088e+02 3.555555555555555552e-02
1.758634989999999902e+02 3.666666666666666685e-02
1.760354179999999928e+02 3.777777777777777818e-02
1.770714609999999993e+02 3.888888888888888951e-02
1.772682259999999985e+02 4.000000000000000083e-02
1.772873519999999985e+02 4.111111111111111216e-02
1.772960620000000063e+02 4.222222222222222349e-02
1.777476650000000120e+02 4.333333333333333481e-02
1.782291800000000137e+02 4.444444444444444614e-02
1.782317529999999977e+02 4.555555555555555747e-02
1.783440479999999866e+02 4.666666666666666879e-02
1.784288239999999917e+02 4.777777777777778012e-02
1.786075409999999977e+02 4.888888888888889145e-02
1.787810589999999991e+02 5.000000000000000278e-02
1.787843579999999974e+02 5.111111111111111410e-02
1.788588970000000131e+02 5.222222222222222543e-02
1.788676959999999951e+02 5.333333333333333676e-02
1.792057670000000087e+02 5.444444444444444114e-02
1.793948249999999973e+02 5.555555555555555247e-02
1.794863609999999881e+02 5.666666666666666380e-02
1.796350070000000017e+02 5.777777777777777513e-02
1.796944330000000036e+02 5.888888888888888645e-02
1.798247069999999894e+02 5.999999999999999778e-02
1.798297149999999931e+02 6.111111111111110911e-02
1.799092550000000017e+02 6.222222222222222043e-02
1.799157999999999902e+02 6.333333333333332482e-02
1.799994360000000029e+02 6.444444444444444309e-02
1.800508279999999957e+02 6.555555555555554748e-02
1.800584900000000061e+02 6.666666666666666574e-02
1.804210280000000068e+02 6.777777777777777013e-02
1.804911559999999895e+02 6.888888888888888840e-02
1.805047739999999976e+02 6.999999999999999278e-02
1.805760689999999897e+02 7.111111111111111105e-02
1.805869639999999947e+02 7.222222222222221544e-02
1.806282630000000040e+02 7.333333333333331983e-02
1.807966560000000129e+02 7.444444444444443809e-02
1.808727939999999990e+02 7.555555555555554248e-02
1.810060510000000136e+02 7.666666666666666075e-02
1.810113090000000113e+02 7.777777777777776513e-02
1.810306150000000116e+02 7.888888888888888340e-02
1.810986680000000035e+02 7.999999999999998779e-02
1.811810350000000085e+02 8.111111111111110605e-02
1.812852019999999982e+02 8.222222222222221044e-02
1.813885679999999923e+02 8.333333333333332871e-02
1.814937649999999962e+02 8.444444444444443310e-02
1.815208159999999964e+02 8.555555555555555136e-02
1.815986029999999971e+02 8.666666666666665575e-02
1.816054949999999906e+02 8.777777777777777402e-02
1.816435419999999965e+02 8.888888888888887840e-02
1.816706059999999923e+02 8.999999999999999667e-02
1.817895469999999989e+02 9.111111111111110106e-02
1.818000030000000038e+02 9.222222222222221932e-02
1.819531629999999893e+02 9.333333333333332371e-02
1.820664020000000107e+02 9.444444444444444198e-02
1.822320850000000121e+02 9.555555555555554637e-02
1.823751670000000047e+02 9.666666666666666463e-02
1.824240529999999865e+02 9.777777777777776902e-02
1.824547599999999932e+02 9.888888888888888729e-02
1.825268949999999961e+02 9.999999999999999167e-02
1.825595109999999863e+02 1.011111111111111099e-01
1.825660970000000134e+02 1.022222222222222143e-01
1.826471750000000043e+02 1.033333333333333326e-01
1.826571570000000122e+02 1.044444444444444370e-01
1.827087160000000097e+02 1.055555555555555552e-01
1.828085509999999942e+02 1.066666666666666596e-01
1.828505260000000021e+02 1.077777777777777640e-01
1.828676490000000001e+02 1.088888888888888823e-01
1.828822270000000003e+02 1.099999999999999867e-01
1.828970700000000136e+02 1.111111111111111049e-01
1.829697119999999870e+02 1.122222222222222093e-01
1.829996460000000127e+02 1.133333333333333276e-01
1.830023960000000045e+02 1.144444444444444320e-01
1.830081539999999904e+02 1.155555555555555503e-01
1.830431780000000117e+02 1.166666666666666546e-01
1.830896229999999889e+02 1.177777777777777729e-01
1.831472009999999955e+02 1.188888888888888773e-01
1.831987589999999955e+02 1.199999999999999956e-01
1.832342390000000023e+02 1.211111111111110999e-01
1.833225140000000124e+02 1.222222222222222182e-01
1.833701629999999909e+02 1.233333333333333226e-01
1.833957069999999874e+02 1.244444444444444409e-01
1.835248579999999947e+02 1.255555555555555591e-01
1.835588559999999916e+02 1.266666666666666774e-01
1.836132320000000107e+02 1.277777777777777957e-01
1.836150039999999990e+02 1.288888888888888862e-01
1.837312149999999917e+02 1.300000000000000044e-01
1.838660710000000051e+02 1.311111111111111227e-01
1.839978309999999908e+02 1.322222222222222410e-01
1.840199690000000032e+02 1.333333333333333315e-01
1.841066189999999949e+02 1.344444444444444497e-01
1.841891630000000077e+02 1.355555555555555680e-01
1.842559610000000134e+02 1.366666666666666863e-01
1.843598639999999875e+02 1.377777777777777768e-01
1.843860789999999952e+02 1.388888888888888951e-01
1.844044639999999902e+02 1.400000000000000133e-01
1.844067340000000002e+02 1.411111111111111316e-01
1.845130959999999902e+02 1.422222222222222221e-01
1.845350679999999954e+02 1.433333333333333404e-01
1.847507400000000075e+02 1.444444444444444586e-01
1.848886569999999949e+02 1.455555555555555491e-01
1.849091809999999896e+02 1.466666666666666674e-01
1.849463470000000029e+02 1.477777777777777857e-01
1.850201270000000022e+02 1.488888888888889039e-01
1.850657520000000034e+02 1.499999999999999944e-01
1.851505239999999901e+02 1.511111111111111127e-01
1.851566679999999963e+02 1.522222222222222310e-01
1.852718779999999867e+02 1.533333333333333492e-01
1.855507409999999879e+02 1.544444444444444398e-01
1.855632669999999962e+02 1.555555555555555580e-01
1.856184969999999907e+02 1.566666666666666763e-01
1.856954599999999971e+02 1.577777777777777946e-01
1.857637369999999919e+02 1.588888888888888851e-01
1.857727570000000128e+02 1.600000000000000033e-01
1.858204920000000016e+02 1.611111111111111216e-01
1.859033809999999960e+02 1.622222222222222399e-01
1.859483960000000025e+02 1.633333333333333304e-01
1.859568490000000054e+02 1.644444444444444486e-01
1.859807889999999873e+02 1.655555555555555669e-01
1.860506179999999858e+02 1.666666666666666852e-01
1.860683099999999968e+02 1.677777777777777757e-01
1.860724390000000028e+02 1.688888888888888939e-01
1.861256370000000118e+02 1.700000000000000122e-01
1.863059309999999869e+02 1.711111111111111305e-01
1.863820289999999886e+02 1.722222222222222210e-01
1.865142909999999858e+02 1.733333333333333393e-01
1.866153810000000135e+02 1.744444444444444575e-01
1.866662499999999909e+02 1.755555555555555758e-01
1.866715059999999937e+02 1.766666666666666663e-01
1.867326840000000061e+02 1.777777777777777846e-01
1.867417790000000082e+02 1.788888888888889028e-01
1.868579349999999977e+02 1.799999999999999933e-01
1.868699340000000007e+02 1.811111111111111116e-01
1.868911280000000090e+02 1.822222222222222299e-01
1.871024800000000141e+02 1.833333333333333481e-01
1.871069070000000067e+02 1.844444444444444386e-01
1.871284300000000087e+02 1.855555555555555569e-01
1.871288140000000055e+02 1.866666666666666752e-01
1.872563340000000096e+02 1.877777777777777934e-01
1.872641169999999988e+02 1.888888888888888840e-01
1.874277170000000012e+02 1.900000000000000022e-01
1.874389590000000112e+02 1.911111111111111205e-01
1.874653879999999901e+02 1.922222222222222388e-01
1.874806450000000098e+02 1.933333333333333293e-01
1.875395039999999938e+02 1.944444444444444475e-01
1.877061659999999961e+02 1.955555555555555658e-01
1.877408440000000098e+02 1.966666666666666841e-01
1.877533270000000130e+02 1.977777777777777746e-01
1.878701509999999928e+02 1.988888888888888928e-01
1.880557609999999897e+02 2.000000000000000111e-01
1.880827679999999873e+02 2.011111111111111294e-01
1.881963340000000073e+02 2.022222222222222199e-01
1.882316170000000000e+02 2.033333333333333381e-01
1.882745099999999923e+02 2.044444444444444564e-01
1.883012510000000077e+02 2.055555555555555747e-01
1.884351379999999949e+02 2.066666666666666652e-01
1.884697779999999909e+02 2.077777777777777835e-01
1.884857250000000022e+02 2.088888888888889017e-01
1.885311299999999903e+02 2.100000000000000200e-01
1.886501519999999914e+02 2.111111111111111105e-01
1.887484210000000076e+02 2.122222222222222288e-01
1.887642460000000142e+02 2.133333333333333470e-01
1.889091019999999901e+02 2.144444444444444375e-01
1.889513990000000092e+02 2.155555555555555558e-01
1.889930310000000020e+02 2.166666666666666741e-01
1.891350459999999885e+02 2.177777777777777923e-01
1.893252569999999935e+02 2.188888888888888828e-01
1.893978820000000098e+02 2.200000000000000011e-01
1.894938950000000091e+02 2.211111111111111194e-01
1.895050880000000006e+02 2.222222222222222376e-01
1.895404739999999890e+02 2.233333333333333282e-01
1.895595869999999934e+02 2.244444444444444464e-01
1.895877350000000092e+02 2.255555555555555647e-01
1.896966909999999871e+02 2.266666666666666829e-01
1.897909359999999879e+02 2.277777777777777735e-01
1.897924959999999999e+02 2.288888888888888917e-01
1.899797169999999937e+02 2.300000000000000100e-01
1.900131939999999986e+02 2.311111111111111283e-01
1.901410229999999899e+02 2.322222222222222188e-01
1.902121449999999925e+02 2.333333333333333370e-01
1.902331570000000056e+02 2.344444444444444553e-01
1.902633840000000021e+02 2.355555555555555736e-01
1.903193840000000137e+02 2.366666666666666641e-01
1.904213009999999997e+02 2.377777777777777823e-01
1.904228510000000085e+02 2.388888888888889006e-01
1.904516930000000059e+02 2.400000000000000189e-01
1.905739049999999963e+02 2.411111111111111094e-01
1.906460849999999994e+02 2.422222222222222276e-01
1.906812649999999962e+02 2.433333333333333459e-01
1.907607370000000060e+02 2.444444444444444642e-01
1.907965649999999869e+02 2.455555555555555547e-01
1.908270730000000128e+02 2.466666666666666730e-01
1.908743029999999976e+02 2.477777777777777912e-01
1.909507800000000088e+02 2.488888888888889095e-01
1.909706390000000056e+02 2.500000000000000000e-01
1.910375659999999982e+02 2.511111111111111183e-01
1.910824220000000082e+02 2.522222222222222365e-01
1.912354210000000023e+02 2.533333333333333548e-01
1.912370730000000094e+02 2.544444444444444731e-01
1.912727399999999989e+02 2.555555555555555358e-01
1.913753079999999898e+02 2.566666666666666541e-01
1.914564949999999897e+02 2.577777777777777724e-01
1.915346049999999991e+02 2.588888888888888906e-01
1.915371150000000000e+02 2.600000000000000089e-01
1.916608050000000105e+02 2.611111111111111271e-01
1.916934589999999901e+02 2.622222222222222454e-01
1.917768309999999872e+02 2.633333333333333637e-01
1.918581660000000113e+02 2.644444444444444264e-01
1.918731520000000046e+02 2.655555555555555447e-01
1.919732569999999896e+02 2.666666666666666630e-01
1.919892590000000041e+02 2.677777777777777812e-01
1.920510209999999915e+02 2.688888888888888995e-01
1.921161969999999997e+02 2.700000000000000178e-01
1.921190770000000043e+02 2.711111111111111360e-01
1.921573970000000031e+02 2.722222222222222543e-01
1.921577230000000043e+02 2.733333333333333171e-01
1.921820219999999892e+02 2.744444444444444353e-01
1.923013210000000015e+02 2.755555555555555536e-01
1.923325450000000103e+02 2.766666666666666718e-01
1.925450989999999933e+02 2.777777777777777901e-01
1.926158680000000061e+02 2.788888888888889084e-01
1.926480479999999886e+02 2.800000000000000266e-01
1.928287750000000074e+02 2.811111111111111449e-01
1.928616989999999873e+02 2.822222222222222077e-01
1.929495990000000063e+02 2.833333333333333259e-01
1.929795019999999965e+02 2.844444444444444442e-01
1.929851260000000082e+02 2.855555555555555625e-01
1.930269099999999867e+02 2.866666666666666807e-01
1.930485140000000115e+02 2.877777777777777990e-01
1.930816759999999874e+02 2.888888888888889173e-01
1.931643489999999872e+02 2.899999999999999800e-01
1.931863099999999918e+02 2.911111111111110983e-01
1.931959730000000093e+02 2.922222222222222165e-01
1.932036769999999990e+02 2.933333333333333348e-01
1.932236120000000028e+02 2.944444444444444531e-01
1.932552919999999972e+02 2.955555555555555713e-01
1.932639350000000036e+02 2.966666666666666896e-01
1.934115740000000017e+02 2.977777777777778079e-01
1.936276440000000036e+02 2.988888888888888706e-01
1.937266400000000033e+02 2.999999999999999889e-01
1.937599500000000035e+02 3.011111111111111072e-01
1.938486530000000130e+02 3.022222222222222254e-01
1.938953679999999906e+02 3.033333333333333437e-01
1.939207049999999981e+02 3.044444444444444620e-01
1.939468549999999993e+02 3.055555555555555802e-01
1.940615929999999878e+02 3.066666666666666985e-01
1.943712079999999958e+02 3.077777777777777612e-01
1.944121979999999894e+02 3.088888888888888795e-01
1.944339209999999980e+02 3.099999999999999978e-01
1.944726349999999968e+02 3.111111111111111160e-01
1.944835199999999986e+02 3.122222222222222343e-01
1.945141619999999989e+02 3.133333333333333526e-01
1.946080230000000029e+02 3.144444444444444708e-01
1.946604780000000119e+02 3.155555555555555891e-01
1.947135470000000055e+02 3.166666666666666519e-01
1.947401069999999947e+02 3.177777777777777701e-01
1.947760759999999891e+02 3.188888888888888884e-01
1.948688270000000102e+02 3.200000000000000067e-01
1.948738150000000076e+02 3.211111111111111249e-01
1.949063150000000064e+02 3.222222222222222432e-01
1.949114230000000134e+02 3.233333333333333615e-01
1.949594409999999982e+02 3.244444444444444242e-01
1.950326129999999978e+02 3.255555555555555425e-01
1.950846479999999872e+02 3.266666666666666607e-01
1.950885800000000074e+02 3.277777777777777790e-01
1.952036060000000077e+02 3.288888888888888973e-01
1.952245829999999955e+02 3.300000000000000155e-01
1.952599889999999903e+02 3.311111111111111338e-01
1.953494430000000079e+02 3.322222222222222521e-01
1.954173370000000034e+02 3.333333333333333148e-01
1.954690080000000023e+02 3.344444444444444331e-01
1.954795870000000093e+02 3.355555555555555514e-01
1.955220339999999908e+02 3.366666666666666696e-01
1.955284980000000132e+02 3.377777777777777879e-01
1.955862510000000043e+02 3.388888888888889062e-01
1.956276819999999930e+02 3.400000000000000244e-01
1.956295590000000004e+02 3.411111111111111427e-01
1.956549339999999972e+02 3.422222222222222054e-01
1.956995310000000075e+02 3.433333333333333237e-01
1.957448520000000087e+02 3.444444444444444420e-01
1.958644050000000050e+02 3.455555555555555602e-01
1.958715779999999995e+02 3.466666666666666785e-01
1.959267539999999883e+02 3.477777777777777968e-01
1.959372879999999952e+02 3.488888888888889150e-01
1.959537100000000009e+02 3.500000000000000333e-01
1.960762200000000064e+02 3.511111111111110961e-01
1.961622439999999870e+02 3.522222222222222143e-01
1.962591250000000116e+02 3.533333333333333326e-01
1.962729840000000081e+02 3.544444444444444509e-01
1.962765039999999885e+02 3.555555555555555691e-01
1.963541690000000131e+02 3.566666666666666874e-01
1.963680840000000103e+02 3.577777777777778057e-01
1.965539689999999950e+02 3.588888888888888684e-01
1.966545030000000054e+02 3.599999999999999867e-01
1.966698749999999905e+02 3.611111111111111049e-01
1.967275520000000029e+02 3.622222222222222232e-01
1.967808809999999937e+02 3.633333333333333415e-01
1.967938350000000014e+02 3.644444444444444597e-01
1.968354160000000093e+02 3.655555555555555780e-01
1.968665790000000015e+02 3.666666666666666963e-01
1.969714099999999917e+02 3.677777777777777590e-01
1.969906949999999881e+02 3.688888888888888773e-01
1.970315459999999916e+02 3.699999999999999956e-01
1.970390460000000132e+02 3.711111111111111138e-01
1.970775509999999997e+02 3.722222222222222321e-01
1.971973419999999919e+02 3.733333333333333504e-01
1.972952459999999917e+02 3.744444444444444686e-01
1.973304050000000132e+02 3.755555555555555869e-01
1.975063330000000121e+02 3.766666666666666496e-01
1.975253730000000019e+02 3.777777777777777679e-01
1.975983410000000049e+02 3.788888888888888862e-01
1.976493159999999989e+02 3.800000000000000044e-01
1.976745429999999999e+02 3.811111111111111227e-01
1.976940429999999935e+02 3.822222222222222410e-01
1.977251510000000110e+02 3.833333333333333592e-01
1.977452309999999898e+02 3.844444444444444775e-01
1.977925339999999892e+02 3.855555555555555403e-01
1.977966820000000041e+02 3.866666666666666585e-01
1.978149540000000002e+02 3.877777777777777768e-01
1.978256619999999941e+02 3.888888888888888951e-01
1.978258309999999938e+02 3.900000000000000133e-01
1.978378150000000062e+02 3.911111111111111316e-01
1.978679980000000000e+02 3.922222222222222499e-01
1.979287610000000086e+02 3.933333333333333126e-01
1.979433510000000069e+02 3.944444444444444309e-01
1.982451609999999960e+02 3.955555555555555491e-01
1.982457609999999875e+02 3.966666666666666674e-01
1.984097930000000076e+02 3.977777777777777857e-01
1.984112069999999903e+02 3.988888888888889039e-01
1.984276930000000050e+02 4.000000000000000222e-01
1.984283810000000017e+02 4.011111111111111405e-01
1.984384499999999889e+02 4.022222222222222032e-01
1.984387649999999894e+02 4.033333333333333215e-01
1.984467080000000010e+02 4.044444444444444398e-01
1.984881650000000093e+02 4.055555555555555580e-01
1.986076649999999972e+02 4.066666666666666763e-01
1.986842059999999890e+02 4.077777777777777946e-01
1.987108049999999935e+02 4.088888888888889128e-01
1.987426159999999982e+02 4.100000000000000311e-01
1.988221320000000105e+02 4.111111111111110938e-01
1.988269980000000032e+02 4.122222222222222121e-01
1.988748929999999859e+02 4.133333333333333304e-01
1.989637669999999900e+02 4.144444444444444486e-01
1.989771470000000022e+02 4.155555555555555669e-01
1.990013519999999971e+02 4.166666666666666852e-01
1.990059579999999926e+02 4.177777777777778034e-01
1.990183749999999918e+02 4.188888888888889217e-01
1.990886529999999937e+02 4.199999999999999845e-01
1.991022839999999974e+02 4.211111111111111027e-01
1.991198669999999993e+02 4.222222222222222210e-01
1.991744659999999953e+02 4.233333333333333393e-01
1.992227729999999895e+02 4.244444444444444575e-01
1.992808430000000044e+02 4.255555555555555758e-01
1.993333379999999977e+02 4.266666666666666941e-01
1.994423329999999908e+02 4.277777777777777568e-01
1.994714119999999866e+02 4.288888888888888751e-01
1.994757869999999969e+02 4.299999999999999933e-01
1.995394829999999899e+02 4.311111111111111116e-01
1.995699060000000031e+02 4.322222222222222299e-01
1.997626329999999939e+02 4.333333333333333481e-01
1.997880890000000136e+02 4.344444444444444664e-01
1.998420309999999915e+02 4.355555555555555847e-01
1.999507199999999898e+02 4.366666666666666474e-01
2.000365409999999997e+02 4.377777777777777657e-01
2.001284599999999898e+02 4.388888888888888840e-01
2.001526519999999891e+02 4.400000000000000022e-01
2.001588179999999966e+02 4.411111111111111205e-01
2.002493980000000136e+02 4.422222222222222388e-01
2.003422779999999932e+02 4.433333333333333570e-01
2.003923409999999876e+02 4.444444444444444753e-01
2.003935769999999934e+02 4.455555555555555380e-01
2.004132180000000005e+02 4.466666666666666563e-01
2.005218439999999873e+02 4.477777777777777746e-01
2.005757910000000095e+02 4.488888888888888928e-01
2.006138379999999870e+02 4.500000000000000111e-01
2.006205640000000017e+02 4.511111111111111294e-01
2.006826609999999960e+02 4.522222222222222476e-01
2.007181249999999864e+02 4.533333333333333659e-01
2.007377280000000042e+02 4.544444444444444287e-01
2.007681640000000129e+02 4.555555555555555469e-01
2.008516750000000002e+02 4.566666666666666652e-01
2.009105629999999962e+02 4.577777777777777835e-01
2.009233130000000074e+02 4.588888888888889017e-01
2.010035029999999949e+02 4.600000000000000200e-01
2.010092820000000131e+02 4.611111111111111382e-01
2.010585279999999955e+02 4.622222222222222565e-01
2.010666500000000099e+02 4.633333333333333193e-01
2.011591720000000123e+02 4.644444444444444375e-01
2.012149019999999950e+02 4.655555555555555558e-01
2.013111869999999897e+02 4.666666666666666741e-01
2.013823600000000056e+02 4.677777777777777923e-01
2.014047840000000065e+02 4.688888888888889106e-01
2.014360189999999875e+02 4.700000000000000289e-01
2.014422360000000083e+02 4.711111111111110916e-01
2.014998019999999883e+02 4.722222222222222099e-01
2.015074030000000107e+02 4.733333333333333282e-01
2.015246500000000083e+02 4.744444444444444464e-01
2.016067360000000122e+02 4.755555555555555647e-01
2.016253379999999993e+02 4.766666666666666829e-01
2.016323089999999922e+02 4.777777777777778012e-01
2.017278230000000008e+02 4.788888888888889195e-01
2.019660859999999900e+02 4.799999999999999822e-01
2.019742270000000133e+02 4.811111111111111005e-01
2.020279730000000029e+02 4.822222222222222188e-01
2.020297070000000019e+02 4.833333333333333370e-01
2.020332219999999950e+02 4.844444444444444553e-01
2.020529459999999915e+02 4.855555555555555736e-01
2.020958640000000059e+02 4.866666666666666918e-01
2.021418970000000002e+02 4.877777777777778101e-01
2.021469060000000013e+02 4.888888888888888729e-01
2.021519859999999937e+02 4.899999999999999911e-01
2.023118660000000091e+02 4.911111111111111094e-01
2.023562039999999911e+02 4.922222222222222276e-01
2.023581930000000000e+02 4.933333333333333459e-01
2.023639919999999961e+02 4.944444444444444642e-01
2.024688669999999888e+02 4.955555555555555824e-01
2.024829939999999908e+02 4.966666666666667007e-01
2.024997659999999939e+02 4.977777777777777635e-01
2.026037430000000086e+02 4.988888888888888817e-01
2.026526900000000069e+02 5.000000000000000000e-01
2.026842709999999954e+02 5.011111111111110628e-01
2.026945680000000038e+02 5.022222222222221255e-01
2.027752240000000086e+02 5.033333333333332993e-01
2.027833880000000022e+02 5.044444444444443620e-01
2.028573130000000049e+02 5.055555555555555358e-01
2.029655720000000088e+02 5.066666666666665986e-01
2.030123089999999877e+02 5.077777777777777724e-01
2.030357730000000060e+02 5.088888888888888351e-01
2.030621769999999913e+02 5.099999999999998979e-01
2.031637069999999881e+02 5.111111111111110716e-01
2.031770410000000027e+02 5.122222222222221344e-01
2.032047550000000058e+02 5.133333333333333082e-01
2.032312300000000107e+02 5.144444444444443709e-01
2.033477870000000109e+02 5.155555555555555447e-01
2.033866789999999867e+02 5.166666666666666075e-01
2.035671659999999861e+02 5.177777777777777812e-01
2.035743239999999901e+02 5.188888888888888440e-01
2.036027420000000063e+02 5.199999999999999067e-01
2.036672130000000038e+02 5.211111111111110805e-01
2.036959990000000005e+02 5.222222222222221433e-01
2.037834780000000023e+02 5.233333333333333171e-01
2.038266490000000033e+02 5.244444444444443798e-01
2.038474339999999927e+02 5.255555555555555536e-01
2.039138159999999971e+02 5.266666666666666163e-01
2.040391339999999900e+02 5.277777777777776791e-01
2.041329550000000097e+02 5.288888888888888529e-01
2.041757770000000107e+02 5.299999999999999156e-01
2.042427700000000073e+02 5.311111111111110894e-01
2.042969539999999995e+02 5.322222222222221522e-01
2.044764020000000073e+02 5.333333333333333259e-01
2.044765800000000127e+02 5.344444444444443887e-01
2.045008850000000109e+02 5.355555555555554514e-01
2.045033339999999953e+02 5.366666666666666252e-01
2.045458209999999895e+02 5.377777777777776880e-01
2.046896370000000047e+02 5.388888888888888618e-01
2.047039279999999906e+02 5.399999999999999245e-01
2.047119219999999871e+02 5.411111111111110983e-01
2.047317879999999946e+02 5.422222222222221610e-01
2.047495619999999974e+02 5.433333333333333348e-01
2.048055549999999982e+02 5.444444444444443976e-01
2.048385790000000100e+02 5.455555555555554603e-01
2.049179550000000063e+02 5.466666666666666341e-01
2.049735530000000097e+02 5.477777777777776969e-01
2.049778019999999970e+02 5.488888888888888706e-01
2.050327460000000031e+02 5.499999999999999334e-01
2.050469300000000032e+02 5.511111111111111072e-01
2.050820359999999880e+02 5.522222222222221699e-01
2.051582720000000108e+02 5.533333333333332327e-01
2.051585910000000013e+02 5.544444444444444065e-01
2.051648109999999861e+02 5.555555555555554692e-01
2.052002400000000080e+02 5.566666666666666430e-01
2.052812419999999918e+02 5.577777777777777057e-01
2.053143479999999954e+02 5.588888888888888795e-01
2.053915230000000065e+02 5.599999999999999423e-01
2.056054279999999892e+02 5.611111111111111160e-01
2.056292589999999905e+02 5.622222222222221788e-01
2.056328699999999969e+02 5.633333333333332416e-01
2.056415780000000098e+02 5.644444444444444153e-01
2.056567049999999881e+02 5.655555555555554781e-01
2.056939759999999922e+02 5.666666666666666519e-01
2.057153509999999983e+02 5.677777777777777146e-01
2.057424190000000124e+02 5.688888888888888884e-01
2.057700839999999971e+02 5.699999999999999512e-01
2.059796729999999911e+02 5.711111111111110139e-01
2.060681480000000079e+02 5.722222222222221877e-01
2.062613560000000064e+02 5.733333333333332504e-01
2.063265220000000113e+02 5.744444444444444242e-01
2.064045179999999959e+02 5.755555555555554870e-01
2.064399369999999863e+02 5.766666666666666607e-01
2.064740669999999909e+02 5.777777777777777235e-01
2.065219140000000095e+02 5.788888888888887863e-01
2.066046800000000019e+02 5.799999999999999600e-01
2.066062499999999886e+02 5.811111111111110228e-01
2.066937700000000007e+02 5.822222222222221966e-01
2.067368199999999945e+02 5.833333333333332593e-01
2.067370730000000094e+02 5.844444444444444331e-01
2.067424210000000073e+02 5.855555555555554959e-01
2.067667720000000031e+02 5.866666666666666696e-01
2.069296009999999910e+02 5.877777777777777324e-01
2.071242619999999874e+02 5.888888888888887951e-01
2.071812500000000057e+02 5.899999999999999689e-01
2.071838740000000030e+02 5.911111111111110317e-01
2.073028260000000103e+02 5.922222222222222054e-01
2.073563499999999920e+02 5.933333333333332682e-01
2.073806700000000092e+02 5.944444444444444420e-01
2.074468569999999943e+02 5.955555555555555047e-01
2.074563679999999977e+02 5.966666666666665675e-01
2.074672810000000140e+02 5.977777777777777413e-01
2.075645680000000084e+02 5.988888888888888040e-01
2.076143500000000017e+02 5.999999999999999778e-01
2.077051060000000007e+02 6.011111111111110406e-01
2.077063100000000020e+02 6.022222222222222143e-01
2.077494939999999986e+02 6.033333333333332771e-01
2.077516459999999938e+02 6.044444444444444509e-01
2.077812790000000120e+02 6.055555555555555136e-01
2.080106020000000058e+02 6.066666666666665764e-01
2.080107979999999941e+02 6.077777777777777501e-01
2.080603700000000060e+02 6.088888888888888129e-01
2.081097929999999963e+02 6.099999999999999867e-01
2.081288110000000131e+02 6.111111111111110494e-01
2.081800310000000138e+02 6.122222222222222232e-01
2.081854730000000018e+02 6.133333333333332860e-01
2.082090660000000071e+02 6.144444444444443487e-01
2.083993069999999932e+02 6.155555555555555225e-01
2.088064520000000073e+02 6.166666666666665853e-01
2.088325749999999914e+02 6.177777777777777590e-01
2.088854100000000074e+02 6.188888888888888218e-01
2.089166539999999941e+02 6.199999999999999956e-01
2.089249289999999917e+02 6.211111111111110583e-01
2.089400430000000028e+02 6.222222222222221211e-01
2.089602280000000007e+02 6.233333333333332948e-01
2.089670830000000024e+02 6.244444444444443576e-01
2.090298070000000052e+02 6.255555555555555314e-01
2.090675659999999993e+02 6.266666666666665941e-01
2.090943179999999870e+02 6.277777777777777679e-01
2.091111520000000041e+02 6.288888888888888307e-01
2.091877839999999935e+02 6.300000000000000044e-01
2.092565109999999891e+02 6.311111111111110672e-01
2.093206989999999905e+02 6.322222222222221300e-01
2.094706119999999885e+02 6.333333333333333037e-01
2.095146599999999921e+02 6.344444444444443665e-01
2.095493850000000009e+02 6.355555555555555403e-01
2.095541379999999947e+02 6.366666666666666030e-01
2.096100150000000042e+02 6.377777777777777768e-01
2.096110160000000064e+02 6.388888888888888395e-01
2.096721550000000036e+02 6.399999999999999023e-01
2.096971529999999859e+02 6.411111111111110761e-01
2.097900190000000009e+02 6.422222222222221388e-01
2.098592250000000092e+02 6.433333333333333126e-01
2.099844449999999938e+02 6.444444444444443754e-01
2.099887990000000002e+02 6.455555555555555491e-01
2.100828080000000000e+02 6.466666666666666119e-01
2.101271500000000003e+02 6.477777777777776747e-01
2.102216980000000035e+02 6.488888888888888484e-01
2.102463300000000004e+02 6.499999999999999112e-01
2.103401829999999961e+02 6.511111111111110850e-01
2.103736069999999927e+02 6.522222222222221477e-01
2.103940379999999948e+02 6.533333333333333215e-01
2.104296180000000049e+02 6.544444444444443842e-01
2.105305030000000102e+02 6.555555555555555580e-01
2.105323400000000049e+02 6.566666666666666208e-01
2.105445760000000064e+02 6.577777777777776835e-01
2.105923080000000027e+02 6.588888888888888573e-01
2.108007680000000050e+02 6.599999999999999201e-01
2.108787590000000023e+02 6.611111111111110938e-01
2.110060640000000092e+02 6.622222222222221566e-01
2.110750459999999862e+02 6.633333333333333304e-01
2.111441989999999862e+02 6.644444444444443931e-01
2.111801089999999874e+02 6.655555555555554559e-01
2.113293600000000083e+02 6.666666666666666297e-01
2.113407660000000021e+02 6.677777777777776924e-01
2.114058420000000069e+02 6.688888888888888662e-01
2.116622340000000122e+02 6.699999999999999289e-01
2.118465080000000000e+02 6.711111111111111027e-01
2.119084070000000111e+02 6.722222222222221655e-01
2.119321649999999977e+02 6.733333333333333393e-01
2.120562799999999868e+02 6.744444444444444020e-01
2.121056100000000129e+02 6.755555555555554648e-01
2.121417810000000088e+02 6.766666666666666385e-01
2.122308710000000076e+02 6.777777777777777013e-01
2.122537440000000117e+02 6.788888888888888751e-01
2.125438139999999976e+02 6.799999999999999378e-01
2.125530719999999860e+02 6.811111111111111116e-01
2.125592660000000080e+02 6.822222222222221744e-01
2.126195040000000063e+02 6.833333333333332371e-01
2.126209379999999953e+02 6.844444444444444109e-01
2.127200960000000123e+02 6.855555555555554736e-01
2.127210670000000050e+02 6.866666666666666474e-01
2.127971100000000035e+02 6.877777777777777102e-01
2.128275849999999991e+02 6.888888888888888840e-01
2.128953419999999994e+02 6.899999999999999467e-01
2.129552239999999870e+02 6.911111111111110095e-01
2.129619040000000041e+02 6.922222222222221832e-01
2.130064309999999921e+02 6.933333333333332460e-01
2.130555180000000064e+02 6.944444444444444198e-01
2.130722780000000114e+02 6.955555555555554825e-01
2.131680159999999944e+02 6.966666666666666563e-01
2.132927990000000023e+02 6.977777777777777191e-01
2.134267120000000091e+02 6.988888888888888928e-01
2.136393229999999903e+02 6.999999999999999556e-01
2.136434189999999944e+02 7.011111111111110183e-01
2.136547060000000045e+02 7.022222222222221921e-01
2.137383260000000007e+02 7.033333333333332549e-01
2.138266370000000052e+02 7.044444444444444287e-01
2.138408819999999935e+02 7.055555555555554914e-01
2.139089459999999860e+02 7.066666666666666652e-01
2.142159039999999948e+02 7.077777777777777279e-01
2.142382560000000069e+02 7.088888888888887907e-01
2.145132030000000043e+02 7.099999999999999645e-01
2.146239300000000014e+02 7.111111111111110272e-01
2.146742570000000114e+02 7.122222222222222010e-01
2.147125269999999944e+02 7.133333333333332638e-01
2.147500330000000019e+02 7.144444444444444375e-01
2.153323279999999897e+02 7.155555555555555003e-01
2.153637789999999939e+02 7.166666666666665630e-01
2.155734879999999976e+02 7.177777777777777368e-01
2.156525289999999870e+02 7.188888888888887996e-01
2.156779080000000022e+02 7.199999999999999734e-01
2.157412970000000030e+02 7.211111111111110361e-01
2.157715029999999956e+02 7.222222222222222099e-01
2.158103450000000123e+02 7.233333333333332726e-01
2.158315709999999967e+02 7.244444444444444464e-01
2.158571090000000083e+02 7.255555555555555092e-01
2.159667650000000094e+02 7.266666666666665719e-01
2.161847769999999969e+02 7.277777777777777457e-01
2.164699410000000057e+02 7.288888888888888085e-01
2.165389910000000100e+02 7.299999999999999822e-01
2.166853270000000009e+02 7.311111111111110450e-01
2.166921110000000112e+02 7.322222222222222188e-01
2.168424730000000125e+02 7.333333333333332815e-01
2.171188329999999951e+02 7.344444444444443443e-01
2.171530480000000125e+02 7.355555555555555181e-01
2.171931230000000141e+02 7.366666666666665808e-01
2.174082789999999932e+02 7.377777777777777546e-01
2.174596429999999998e+02 7.388888888888888173e-01
2.175552759999999921e+02 7.399999999999999911e-01
2.175618460000000027e+02 7.411111111111110539e-01
2.175986320000000092e+02 7.422222222222222276e-01
2.177012809999999945e+02 7.433333333333332904e-01
2.179784260000000131e+02 7.444444444444443532e-01
2.180800700000000063e+02 7.455555555555555269e-01
2.180895230000000140e+02 7.466666666666665897e-01
2.181472599999999886e+02 7.477777777777777635e-01
2.182394510000000025e+02 7.488888888888888262e-01
2.184644030000000043e+02 7.500000000000000000e-01
2.184902189999999962e+02 7.511111111111110628e-01
2.185121750000000134e+02 7.522222222222221255e-01
2.185276949999999943e+02 7.533333333333332993e-01
2.186728259999999864e+02 7.544444444444443620e-01
2.186778549999999939e+02 7.555555555555555358e-01
2.188233700000000113e+02 7.566666666666665986e-01
2.190002609999999947e+02 7.577777777777777724e-01
2.190009230000000002e+02 7.588888888888888351e-01
2.190813280000000134e+02 7.599999999999998979e-01
2.190871610000000089e+02 7.611111111111110716e-01
2.191174670000000049e+02 7.622222222222221344e-01
2.192197759999999960e+02 7.633333333333333082e-01
2.192746649999999988e+02 7.644444444444443709e-01
2.193578929999999900e+02 7.655555555555555447e-01
2.193879520000000127e+02 7.666666666666666075e-01
2.194761379999999917e+02 7.677777777777777812e-01
2.195006199999999978e+02 7.688888888888888440e-01
2.196689259999999990e+02 7.699999999999999067e-01
2.197510980000000131e+02 7.711111111111110805e-01
2.199586119999999880e+02 7.722222222222221433e-01
2.200439250000000015e+02 7.733333333333333171e-01
2.201090690000000052e+02 7.744444444444443798e-01
2.201674989999999923e+02 7.755555555555555536e-01
2.201840019999999924e+02 7.766666666666666163e-01
2.204100400000000093e+02 7.777777777777776791e-01
2.204213780000000042e+02 7.788888888888888529e-01
2.206381660000000124e+02 7.799999999999999156e-01
2.206492859999999894e+02 7.811111111111110894e-01
2.206789239999999950e+02 7.822222222222221522e-01
2.208707349999999963e+02 7.833333333333333259e-01
2.209824409999999943e+02 7.844444444444443887e-01
2.209998789999999929e+02 7.855555555555554514e-01
2.210189029999999946e+02 7.866666666666666252e-01
2.210253219999999885e+02 7.877777777777776880e-01
2.211984270000000095e+02 7.888888888888888618e-01
2.212572629999999947e+02 7.899999999999999245e-01
2.212617020000000139e+02 7.911111111111110983e-01
2.212775880000000086e+02 7.922222222222221610e-01
2.213967210000000136e+02 7.933333333333333348e-01
2.214162619999999890e+02 7.944444444444443976e-01
2.215500670000000127e+02 7.955555555555554603e-01
2.219187630000000127e+02 7.966666666666666341e-01
2.219408239999999921e+02 7.977777777777776969e-01
2.220614730000000066e+02 7.988888888888888706e-01
2.221133169999999950e+02 7.999999999999999334e-01
2.222349490000000003e+02 8.011111111111111072e-01
2.226317909999999927e+02 8.022222222222221699e-01
2.226351490000000126e+02 8.033333333333332327e-01
2.227443130000000053e+02 8.044444444444444065e-01
2.227796360000000107e+02 8.055555555555554692e-01
2.228283590000000061e+02 8.066666666666666430e-01
2.231169189999999958e+02 8.077777777777777057e-01
2.231649480000000096e+02 8.088888888888888795e-01
2.232836360000000013e+02 8.099999999999999423e-01
2.233818440000000010e+02 8.111111111111111160e-01
2.233906299999999874e+02 8.122222222222221788e-01
2.235040439999999933e+02 8.133333333333332416e-01
2.235566890000000058e+02 8.144444444444444153e-01
2.237743040000000008e+02 8.155555555555554781e-01
2.239138039999999990e+02 8.166666666666666519e-01
2.239293509999999969e+02 8.177777777777777146e-01
2.240618550000000084e+02 8.188888888888888884e-01
2.241058979999999963e+02 8.199999999999999512e-01
2.241450020000000052e+02 8.211111111111110139e-01
2.242106839999999863e+02 8.222222222222221877e-01
2.242827859999999873e+02 8.233333333333332504e-01
2.243208630000000028e+02 8.244444444444444242e-01
2.244957530000000077e+02 8.255555555555554870e-01
2.246132700000000000e+02 8.266666666666666607e-01
2.251681649999999877e+02 8.277777777777777235e-01
2.254241429999999866e+02 8.288888888888887863e-01
2.255776250000000118e+02 8.299999999999999600e-01
2.259558299999999917e+02 8.311111111111110228e-01
2.260485930000000110e+02 8.322222222222221966e-01
2.262027980000000014e+02 8.333333333333332593e-01
2.265954209999999875e+02 8.344444444444444331e-01
2.267105270000000132e+02 8.355555555555554959e-01
2.267524099999999976e+02 8.366666666666666696e-01
2.272255810000000054e+02 8.377777777777777324e-01
2.274029940000000067e+02 8.388888888888887951e-01
2.275019200000000126e+02 8.399999999999999689e-01
2.278201339999999959e+02 8.411111111111110317e-01
2.278555389999999932e+02 8.422222222222222054e-01
2.278891450000000134e+02 8.433333333333332682e-01
2.280802490000000091e+02 8.444444444444444420e-01
2.282692529999999920e+02 8.455555555555555047e-01
2.283242410000000007e+02 8.466666666666665675e-01
2.283324320000000114e+02 8.477777777777777413e-01
2.283815700000000106e+02 8.488888888888888040e-01
2.285448140000000024e+02 8.499999999999999778e-01
2.286783379999999966e+02 8.511111111111110406e-01
2.290040370000000109e+02 8.522222222222222143e-01
2.290132040000000018e+02 8.533333333333332771e-01
2.291027259999999899e+02 8.544444444444443398e-01
2.291903039999999976e+02 8.555555555555555136e-01
2.293691139999999962e+02 8.566666666666665764e-01
2.298054750000000013e+02 8.577777777777777501e-01
2.299585399999999993e+02 8.588888888888888129e-01
2.301009019999999907e+02 8.599999999999999867e-01
2.301356209999999862e+02 8.611111111111110494e-01
2.302397100000000023e+02 8.622222222222222232e-01
2.306232459999999946e+02 8.633333333333332860e-01
2.306942380000000128e+02 8.644444444444443487e-01
2.309742270000000133e+02 8.655555555555555225e-01
2.309938640000000021e+02 8.666666666666665853e-01
2.311327880000000050e+02 8.677777777777777590e-01
2.312962569999999971e+02 8.688888888888888218e-01
2.313644899999999893e+02 8.699999999999999956e-01
2.313708520000000135e+02 8.711111111111110583e-01
2.314793430000000001e+02 8.722222222222221211e-01
2.315724659999999915e+02 8.733333333333332948e-01
2.316030069999999910e+02 8.744444444444443576e-01
2.317333570000000122e+02 8.755555555555555314e-01
2.318569329999999979e+02 8.766666666666665941e-01
2.319289170000000126e+02 8.777777777777777679e-01
2.320019519999999886e+02 8.788888888888888307e-01
2.320482079999999883e+02 8.800000000000000044e-01
2.320874919999999975e+02 8.811111111111110672e-01
2.321123870000000124e+02 8.822222222222221300e-01
2.323013219999999990e+02 8.833333333333333037e-01
2.324480110000000082e+02 8.844444444444443665e-01
2.325066009999999892e+02 8.855555555555555403e-01
2.325236779999999897e+02 8.866666666666666030e-01
2.327611980000000074e+02 8.877777777777777768e-01
2.329012209999999925e+02 8.888888888888888395e-01
2.330422090000000139e+02 8.899999999999999023e-01
2.332145040000000051e+02 8.911111111111110761e-01
2.334503200000000049e+02 8.922222222222221388e-01
2.338744000000000085e+02 8.933333333333333126e-01
2.345149549999999863e+02 8.944444444444443754e-01
2.349389390000000049e+02 8.955555555555555491e-01
2.350583239999999989e+02 8.966666666666666119e-01
2.353349670000000060e+02 8.977777777777776747e-01
2.355754609999999900e+02 8.988888888888888484e-01
2.356859340000000032e+02 8.999999999999999112e-01
2.357139449999999954e+02 9.011111111111110850e-01
2.359058589999999924e+02 9.022222222222221477e-01
2.364404380000000003e+02 9.033333333333333215e-01
2.366129170000000101e+02 9.044444444444443842e-01
2.366305810000000065e+02 9.055555555555555580e-01
2.367948719999999980e+02 9.066666666666666208e-01
2.369625900000000058e+02 9.077777777777776835e-01
2.370071189999999888e+02 9.088888888888888573e-01
2.376456300000000113e+02 9.099999999999999201e-01
2.380183150000000012e+02 9.111111111111110938e-01
2.382844749999999863e+02 9.122222222222221566e-01
2.389503210000000024e+02 9.133333333333333304e-01
2.390820479999999861e+02 9.144444444444443931e-01
2.393255709999999965e+02 9.155555555555554559e-01
2.397003630000000101e+02 9.166666666666666297e-01
2.401761559999999918e+02 9.177777777777776924e-01
2.401915419999999983e+02 9.188888888888888662e-01
2.402119460000000117e+02 9.199999999999999289e-01
2.402371109999999987e+02 9.211111111111111027e-01
2.403032330000000059e+02 9.222222222222221655e-01
2.403330530000000067e+02 9.233333333333333393e-01
2.409594299999999976e+02 9.244444444444444020e-01
2.412922849999999926e+02 9.255555555555554648e-01
2.416629739999999913e+02 9.266666666666666385e-01
2.423370089999999948e+02 9.277777777777777013e-01
2.424792779999999937e+02 9.288888888888888751e-01
2.426417280000000005e+02 9.299999999999999378e-01
2.435979299999999910e+02 9.311111111111111116e-01
2.438862210000000061e+02 9.322222222222221744e-01
2.445055629999999951e+02 9.333333333333332371e-01
2.465124079999999935e+02 9.344444444444444109e-01
2.483800070000000062e+02 9.355555555555554736e-01
2.485175199999999904e+02 9.366666666666666474e-01
2.490407130000000109e+02 9.377777777777777102e-01
2.495600990000000081e+02 9.388888888888888840e-01
2.512519369999999981e+02 9.399999999999999467e-01
2.517709900000000118e+02 9.411111111111110095e-01
2.519416850000000068e+02 9.422222222222221832e-01
2.535151109999999903e+02 9.433333333333332460e-01
2.538766369999999881e+02 9.444444444444444198e-01
2.539615310000000079e+02 9.455555555555554825e-01
2.550875299999999868e+02 9.466666666666666563e-01
2.551462760000000003e+02 9.477777777777777191e-01
2.554880149999999901e+02 9.488888888888888928e-01
2.555065879999999936e+02 9.499999999999999556e-01
2.563863000000000056e+02 9.511111111111110183e-01
2.568376890000000117e+02 9.522222222222221921e-01
2.571283730000000105e+02 9.533333333333332549e-01
2.572062940000000140e+02 9.544444444444444287e-01
2.573613669999999729e+02 9.555555555555554914e-01
2.575045200000000136e+02 9.566666666666666652e-01
2.578485729999999876e+02 9.577777777777777279e-01
2.585307890000000270e+02 9.588888888888887907e-01
2.591448179999999866e+02 9.599999999999999645e-01
2.605009689999999978e+02 9.611111111111110272e-01
2.606975489999999809e+02 9.622222222222222010e-01
2.613330320000000029e+02 9.633333333333332638e-01
2.615786989999999719e+02 9.644444444444444375e-01
2.624827890000000252e+02 9.655555555555555003e-01
2.626719309999999723e+02 9.666666666666665630e-01
2.629090130000000158e+02 9.677777777777777368e-01
2.631810029999999756e+02 9.688888888888887996e-01
2.632630839999999921e+02 9.699999999999999734e-01
2.645795899999999961e+02 9.711111111111110361e-01
2.654811930000000189e+02 9.722222222222222099e-01
2.655442110000000184e+02 9.733333333333332726e-01
2.678820920000000001e+02 9.744444444444444464e-01
2.687167160000000194e+02 9.755555555555555092e-01
2.689159920000000170e+02 9.766666666666665719e-01
2.712577900000000000e+02 9.777777777777777457e-01
2.719646179999999731e+02 9.788888888888888085e-01
2.726012460000000033e+02 9.799999999999999822e-01
2.733913160000000175e+02 9.811111111111110450e-01
2.836792009999999777e+02 9.822222222222222188e-01
2.843114610000000084e+02 9.833333333333332815e-01
2.954345839999999725e+02 9.844444444444443443e-01
2.974885499999999752e+02 9.855555555555555181e-01
2.982932690000000093e+02 9.866666666666665808e-01
3.026666119999999864e+02 9.877777777777777546e-01
3.034131970000000251e+02 9.888888888888888173e-01
3.036388529999999832e+02 9.899999999999999911e-01
3.077848950000000059e+02 9.911111111111110539e-01
3.109989469999999869e+02 9.922222222222222276e-01
3.159130040000000008e+02 9.933333333333332904e-01
3.297254300000000171e+02 9.944444444444443532e-01
3.376199809999999957e+02 9.955555555555555269e-01
3.467512760000000185e+02 9.966666666666665897e-01
3.481621470000000045e+02 9.977777777777777635e-01
3.503284970000000271e+02 9.988888888888888262e-01
3.651910720000000197e+02 1.000000000000000000e+00
